16:04:32.151 -> -77, 02,01,06,07,16,09,18,D3,30,00,FE,04,16,0F,18,05,08,09,48,4F,52,4E,45,54,35
16:04:32.151 -> -77, 02,01,06,07,16,09,18,D3,30,00,FE,04,16,0F,18,05,08,09,48,4F,52,4E,45,54,35
16:04:32.151 -> -77, 02,01,06,07,16,09,18,D3,30,00,FE,04,16,0F,18,05,08,09,48,4F,52,4E,45,54,35
16:04:32.151 -> -77, 02,01,06,07,16,09,18,D3,30,00,FE,04,16,0F,18,05,08,09,48,4F,52,4E,45,54,35
16:04:32.199 -> -77, 02,01,06,07,16,09,18,D3,30,00,FE,04,16,0F,18,05,08,09,48,4F,52,4E,45,54,35
16:04:32.199 -> -77, 02,01,06,07,16,09,18,D3,30,00,FE,04,16,0F,18,05,08,09,48,4F,52,4E,45,54,35
16:04:32.199 -> -77, 02,01,06,07,16,09,18,D3,30,00,FE,04,16,0F,18,05,08,09,48,4F,52,4E,45,54,35
16:04:32.199 -> -77, 02,01,06,07,16,09,18,D3,30,00,FE,04,16,0F,18,05,08,09,48,4F,52,4E,45,54,35
16:04:32.199 -> -77, 02,01,06,07,16,09,18,D3,30,00,FE,04,16,0F,18,05,08,09,48,4F,52,4E,45,54,35
16:04:32.246 -> -77, 02,01,06,07,16,09,18,D3,30,00,FE,04,16,0F,18,05,08,09,48,4F,52,4E,45,54,35
16:04:32.246 -> -77, 02,01,06,07,16,09,18,D3,30,00,FE,04,16,0F,18,05,08,09,48,4F,52,4E,45,54,35
16:04:32.246 -> -77, 02,01,06,07,16,09,18,D3,30,00,FE,04,16,0F,18,05,08,09,48,4F,52,4E,45,54,35
16:04:32.293 -> -76, 02,01,06,07,16,09,18,D3,30,00,FE,04,16,0F,18,05,08,09,48,4F,52,4E,45,54,35
16:04:32.293 -> -76, 02,01,06,07,16,09,18,D3,30,00,FE,04,16,0F,18,05,08,09,48,4F,52,4E,45,54,35
16:04:32.293 -> -76, 02,01,06,07,16,09,18,D3,30,00,FE,04,16,0F,18,05,08,09,48,4F,52,4E,45,54,35
16:04:32.293 -> -76, 02,01,06,07,16,09,18,D3,30,00,FE,04,16,0F,18,05,08,09,48,4F,52,4E,45,54,35
16:04:32.340 -> -76, 02,01,06,07,16,09,18,D3,30,00,FE,04,16,0F,18,05,08,09,48,4F,52,4E,45,54,35
16:04:32.340 -> -76, 02,01,06,07,16,09,18,D3,30,00,FE,04,16,0F,18,05,08,09,48,4F,52,4E,45,54,35
16:04:32.340 -> -76, 02,01,06,07,16,09,18,D3,30,00,FE,04,16,0F,18,05,08,09,48,4F,52,4E,45,54,35
16:04:32.340 -> -76, 02,01,06,07,16,09,18,D3,30,00,FE,04,16,0F,18,05,08,09,48,4F,52,4E,45,54,35
16:04:32.387 -> -76, 02,01,06,07,16,09,18,D3,30,00,FE,04,16,0F,18,05,08,09,48,4F,52,4E,45,54,35
16:04:32.387 -> -76, 02,01,06,07,16,09,18,D3,30,00,FE,04,16,0F,18,05,08,09,48,4F,52,4E,45,54,35
16:04:32.387 -> -76, 02,01,06,07,16,09,18,D3,30,00,FE,04,16,0F,18,05,08,09,48,4F,52,4E,45,54,35
16:04:32.387 -> -76, 02,01,06,07,16,09,18,D3,30,00,FE,04,16,0F,18,05,08,09,48,4F,52,4E,45,54,35
16:04:32.435 -> -77, 02,01,06,07,16,09,18,D3,30,00,FE,04,16,0F,18,05,08,09,48,4F,52,4E,45,54,35
16:04:32.435 -> -77, 02,01,06,07,16,09,18,D3,30,00,FE,04,16,0F,18,05,08,09,48,4F,52,4E,45,54,35
16:04:32.435 -> -77, 02,01,06,07,16,09,18,D3,30,00,FE,04,16,0F,18,05,08,09,48,4F,52,4E,45,54,35
16:04:32.480 -> -76, 02,01,06,07,16,09,18,D3,30,00,FE,04,16,0F,18,05,08,09,48,4F,52,4E,45,54,35
16:04:32.480 -> -75, 02,01,06,07,16,09,18,D3,30,00,FE,04,16,0F,18,05,08,09,48,4F,52,4E,45,54,35
16:04:32.528 -> -76, 02,01,06,07,16,09,18,D3,30,00,FE,04,16,0F,18,05,08,09,48,4F,52,4E,45,54,35
16:04:32.528 -> -76, 02,01,06,07,16,09,18,D3,30,00,FE,04,16,0F,18,05,08,09,48,4F,52,4E,45,54,35
16:04:32.528 -> -76, 02,01,06,07,16,09,18,D3,30,00,FE,04,16,0F,18,05,08,09,48,4F,52,4E,45,54,35
16:04:32.574 -> -76, 02,01,06,07,16,09,18,D3,30,00,FE,04,16,0F,18,05,08,09,48,4F,52,4E,45,54,35
16:04:32.574 -> -76, 02,01,06,07,16,09,18,D3,30,00,FE,04,16,0F,18,05,08,09,48,4F,52,4E,45,54,35
16:04:32.621 -> -76, 02,01,06,07,16,09,18,D3,30,00,FE,04,16,0F,18,05,08,09,48,4F,52,4E,45,54,35
16:04:32.621 -> -77, 02,01,06,07,16,09,18,D3,30,00,FE,04,16,0F,18,05,08,09,48,4F,52,4E,45,54,35
16:04:32.669 -> -76, 02,01,06,07,16,09,18,D3,30,00,FE,04,16,0F,18,05,08,09,48,4F,52,4E,45,54,35
16:04:32.669 -> -76, 02,01,06,07,16,09,18,D3,30,00,FE,04,16,0F,18,05,08,09,48,4F,52,4E,45,54,35
16:04:32.715 -> -76, 02,01,06,07,16,09,18,D3,30,00,FE,04,16,0F,18,05,08,09,48,4F,52,4E,45,54,35
16:04:32.715 -> -76, 02,01,06,07,16,09,18,D3,30,00,FE,04,16,0F,18,05,08,09,48,4F,52,4E,45,54,35
16:04:32.715 -> -76, 02,01,06,07,16,09,18,D3,30,00,FE,04,16,0F,18,05,08,09,48,4F,52,4E,45,54,35
16:04:32.761 -> -76, 02,01,06,07,16,09,18,D3,30,00,FE,04,16,0F,18,05,08,09,48,4F,52,4E,45,54,35
16:04:32.761 -> -76, 02,01,06,07,16,09,18,D3,30,00,FE,04,16,0F,18,05,08,09,48,4F,52,4E,45,54,35
16:04:32.761 -> -76, 02,01,06,07,16,09,18,D3,30,00,FE,04,16,0F,18,05,08,09,48,4F,52,4E,45,54,35
16:04:32.808 -> -75, 02,01,06,07,16,09,18,D3,30,00,FE,04,16,0F,18,05,08,09,48,4F,52,4E,45,54,35
16:04:32.855 -> -76, 02,01,06,07,16,09,18,D3,30,00,FE,04,16,0F,18,05,08,09,48,4F,52,4E,45,54,35
16:04:32.855 -> -76, 02,01,06,07,16,09,18,D3,30,00,FE,04,16,0F,18,05,08,09,48,4F,52,4E,45,54,35
16:04:32.855 -> -75, 02,01,06,07,16,09,18,D3,30,00,FE,04,16,0F,18,05,08,09,48,4F,52,4E,45,54,35
16:04:32.959 -> -76, 02,01,06,07,16,09,18,D3,30,00,FE,04,16,0F,18,05,08,09,48,4F,52,4E,45,54,35
16:04:32.959 -> -74, 02,01,06,07,16,09,18,D3,30,00,FE,04,16,0F,18,05,08,09,48,4F,52,4E,45,54,35
16:04:32.995 -> -75, 02,01,06,07,16,09,18,D3,30,00,FE,04,16,0F,18,05,08,09,48,4F,52,4E,45,54,35
16:04:33.041 -> -74, 02,01,06,07,16,09,18,D3,30,00,FE,04,16,0F,18,05,08,09,48,4F,52,4E,45,54,35
16:04:33.086 -> -74, 02,01,06,07,16,09,18,D3,30,00,FE,04,16,0F,18,05,08,09,48,4F,52,4E,45,54,35
16:04:33.086 -> -75, 02,01,06,07,16,09,18,D3,30,00,FE,04,16,0F,18,05,08,09,48,4F,52,4E,45,54,35
16:04:33.086 -> -74, 02,01,06,07,16,09,18,D3,30,00,FE,04,16,0F,18,05,08,09,48,4F,52,4E,45,54,35
16:04:33.133 -> -75, 02,01,06,07,16,09,18,D3,30,00,FE,04,16,0F,18,05,08,09,48,4F,52,4E,45,54,35
16:04:33.133 -> -74, 02,01,06,07,16,09,18,D3,30,00,FE,04,16,0F,18,05,08,09,48,4F,52,4E,45,54,35
16:04:33.133 -> -74, 02,01,06,07,16,09,18,D3,30,00,FE,04,16,0F,18,05,08,09,48,4F,52,4E,45,54,35
16:04:33.133 -> -74, 02,01,06,07,16,09,18,D3,30,00,FE,04,16,0F,18,05,08,09,48,4F,52,4E,45,54,35
16:04:33.180 -> -74, 02,01,06,07,16,09,18,D3,30,00,FE,04,16,0F,18,05,08,09,48,4F,52,4E,45,54,35
16:04:33.180 -> -74, 02,01,06,07,16,09,18,D3,30,00,FE,04,16,0F,18,05,08,09,48,4F,52,4E,45,54,35
16:04:33.180 -> -74, 02,01,06,07,16,09,18,D3,30,00,FE,04,16,0F,18,05,08,09,48,4F,52,4E,45,54,35
16:04:33.226 -> -74, 02,01,06,07,16,09,18,D3,30,00,FE,04,16,0F,18,05,08,09,48,4F,52,4E,45,54,35
16:04:33.226 -> -74, 02,01,06,07,16,09,18,D3,30,00,FE,04,16,0F,18,05,08,09,48,4F,52,4E,45,54,35
16:04:33.226 -> -73, 02,01,06,07,16,09,18,D3,30,00,FE,04,16,0F,18,05,08,09,48,4F,52,4E,45,54,35
16:04:33.274 -> -74, 02,01,06,07,16,09,18,D3,30,00,FE,04,16,0F,18,05,08,09,48,4F,52,4E,45,54,35
16:04:33.274 -> -74, 02,01,06,07,16,09,18,D3,30,00,FE,04,16,0F,18,05,08,09,48,4F,52,4E,45,54,35
16:04:33.274 -> -74, 02,01,06,07,16,09,18,D3,30,00,FE,04,16,0F,18,05,08,09,48,4F,52,4E,45,54,35
16:04:33.274 -> -74, 02,01,06,07,16,09,18,D3,30,00,FE,04,16,0F,18,05,08,09,48,4F,52,4E,45,54,35
16:04:33.321 -> -74, 02,01,06,07,16,09,18,D3,30,00,FE,04,16,0F,18,05,08,09,48,4F,52,4E,45,54,35
16:04:33.321 -> -73, 02,01,06,07,16,09,18,D3,30,00,FE,04,16,0F,18,05,08,09,48,4F,52,4E,45,54,35
16:04:33.321 -> -74, 02,01,06,07,16,09,18,D3,30,00,FE,04,16,0F,18,05,08,09,48,4F,52,4E,45,54,35
16:04:33.367 -> -74, 02,01,06,07,16,09,18,D3,30,00,FE,04,16,0F,18,05,08,09,48,4F,52,4E,45,54,35
16:04:33.367 -> -74, 02,01,06,07,16,09,18,D3,30,00,FE,04,16,0F,18,05,08,09,48,4F,52,4E,45,54,35
16:04:33.414 -> -74, 02,01,06,07,16,09,18,D3,30,00,FE,04,16,0F,18,05,08,09,48,4F,52,4E,45,54,35
16:04:33.461 -> -74, 02,01,06,07,16,09,18,D3,30,00,FE,04,16,0F,18,05,08,09,48,4F,52,4E,45,54,35
16:04:33.461 -> -77, 02,01,06,07,16,09,18,D3,30,00,FE,04,16,0F,18,05,08,09,48,4F,52,4E,45,54,35
16:04:33.508 -> -77, 02,01,06,07,16,09,18,D3,30,00,FE,04,16,0F,18,05,08,09,48,4F,52,4E,45,54,35
16:04:33.508 -> -77, 02,01,06,07,16,09,18,D3,30,00,FE,04,16,0F,18,05,08,09,48,4F,52,4E,45,54,35
16:04:33.508 -> -77, 02,01,06,07,16,09,18,D3,30,00,FE,04,16,0F,18,05,08,09,48,4F,52,4E,45,54,35
16:04:33.508 -> -77, 02,01,06,07,16,09,18,D3,30,00,FE,04,16,0F,18,05,08,09,48,4F,52,4E,45,54,35
16:04:33.554 -> -77, 02,01,06,07,16,09,18,D3,30,00,FE,04,16,0F,18,05,08,09,48,4F,52,4E,45,54,35
16:04:33.554 -> -77, 02,01,06,07,16,09,18,D3,30,00,FE,04,16,0F,18,05,08,09,48,4F,52,4E,45,54,35
16:04:33.554 -> -77, 02,01,06,07,16,09,18,D3,30,00,FE,04,16,0F,18,05,08,09,48,4F,52,4E,45,54,35
16:04:33.554 -> -77, 02,01,06,07,16,09,18,D3,30,00,FE,04,16,0F,18,05,08,09,48,4F,52,4E,45,54,35
16:04:33.600 -> -77, 02,01,06,07,16,09,18,D3,30,00,FE,04,16,0F,18,05,08,09,48,4F,52,4E,45,54,35
16:04:33.600 -> -77, 02,01,06,07,16,09,18,D3,30,00,FE,04,16,0F,18,05,08,09,48,4F,52,4E,45,54,35
16:04:33.600 -> -77, 02,01,06,07,16,09,18,D3,30,00,FE,04,16,0F,18,05,08,09,48,4F,52,4E,45,54,35
16:04:33.646 -> -77, 02,01,06,07,16,09,18,D3,30,00,FE,04,16,0F,18,05,08,09,48,4F,52,4E,45,54,35
16:04:33.646 -> -77, 02,01,06,07,16,09,18,D3,30,00,FE,04,16,0F,18,05,08,09,48,4F,52,4E,45,54,35
16:04:33.646 -> -76, 02,01,06,07,16,09,18,D3,30,00,FE,04,16,0F,18,05,08,09,48,4F,52,4E,45,54,35
16:04:33.646 -> -77, 02,01,06,07,16,09,18,D3,30,00,FE,04,16,0F,18,05,08,09,48,4F,52,4E,45,54,35
16:04:33.693 -> -77, 02,01,06,07,16,09,18,D3,30,00,FE,04,16,0F,18,05,08,09,48,4F,52,4E,45,54,35
16:04:33.693 -> -77, 02,01,06,07,16,09,18,D3,30,00,FE,04,16,0F,18,05,08,09,48,4F,52,4E,45,54,35
16:04:33.693 -> -77, 02,01,06,07,16,09,18,D3,30,00,FE,04,16,0F,18,05,08,09,48,4F,52,4E,45,54,35
16:04:33.693 -> -77, 02,01,06,07,16,09,18,D3,30,00,FE,04,16,0F,18,05,08,09,48,4F,52,4E,45,54,35
16:04:33.740 -> -77, 02,01,06,07,16,09,18,D3,30,00,FE,04,16,0F,18,05,08,09,48,4F,52,4E,45,54,35
16:04:33.740 -> -77, 02,01,06,07,16,09,18,D3,30,00,FE,04,16,0F,18,05,08,09,48,4F,52,4E,45,54,35
16:04:33.740 -> -77, 02,01,06,07,16,09,18,D3,30,00,FE,04,16,0F,18,05,08,09,48,4F,52,4E,45,54,35
16:04:33.787 -> -77, 02,01,06,07,16,09,18,D3,30,00,FE,04,16,0F,18,05,08,09,48,4F,52,4E,45,54,35
16:04:33.787 -> -77, 02,01,06,07,16,09,18,D3,30,00,FE,04,16,0F,18,05,08,09,48,4F,52,4E,45,54,35
16:04:33.787 -> -77, 02,01,06,07,16,09,18,D3,30,00,FE,04,16,0F,18,05,08,09,48,4F,52,4E,45,54,35
16:04:33.835 -> -77, 02,01,06,07,16,09,18,D3,30,00,FE,04,16,0F,18,05,08,09,48,4F,52,4E,45,54,35
16:04:33.835 -> -76, 02,01,06,07,16,09,18,D3,30,00,FE,04,16,0F,18,05,08,09,48,4F,52,4E,45,54,35
16:04:33.883 -> -77, 02,01,06,07,16,09,18,D3,30,00,FE,04,16,0F,18,05,08,09,48,4F,52,4E,45,54,35
16:04:33.883 -> -77, 02,01,06,07,16,09,18,D3,30,00,FE,04,16,0F,18,05,08,09,48,4F,52,4E,45,54,35
16:04:33.883 -> -77, 02,01,06,07,16,09,18,D3,30,00,FE,04,16,0F,18,05,08,09,48,4F,52,4E,45,54,35
16:04:33.883 -> -77, 02,01,06,07,16,09,18,D3,30,00,FE,04,16,0F,18,05,08,09,48,4F,52,4E,45,54,35
16:04:33.929 -> -76, 02,01,06,07,16,09,18,D3,30,00,FE,04,16,0F,18,05,08,09,48,4F,52,4E,45,54,35
16:04:33.929 -> -77, 02,01,06,07,16,09,18,D3,30,00,FE,04,16,0F,18,05,08,09,48,4F,52,4E,45,54,35
16:04:33.929 -> -76, 02,01,06,07,16,09,18,D3,30,00,FE,04,16,0F,18,05,08,09,48,4F,52,4E,45,54,35
16:04:33.975 -> -75, 02,01,06,07,16,09,18,D3,30,00,FE,04,16,0F,18,05,08,09,48,4F,52,4E,45,54,35
16:04:33.975 -> -75, 02,01,06,07,16,09,18,D3,30,00,FE,04,16,0F,18,05,08,09,48,4F,52,4E,45,54,35
16:04:33.975 -> -75, 02,01,06,07,16,09,18,D3,30,00,FE,04,16,0F,18,05,08,09,48,4F,52,4E,45,54,35
16:04:33.975 -> -75, 02,01,06,07,16,09,18,D3,30,00,FE,04,16,0F,18,05,08,09,48,4F,52,4E,45,54,35
16:04:34.023 -> -74, 02,01,06,07,16,09,18,D3,30,00,FE,04,16,0F,18,05,08,09,48,4F,52,4E,45,54,35
16:04:34.023 -> -75, 02,01,06,07,16,09,18,D3,30,00,FE,04,16,0F,18,05,08,09,48,4F,52,4E,45,54,35
16:04:34.023 -> -74, 02,01,06,07,16,09,18,D3,30,00,FE,04,16,0F,18,05,08,09,48,4F,52,4E,45,54,35
16:04:34.023 -> -75, 02,01,06,07,16,09,18,D3,30,00,FE,04,16,0F,18,05,08,09,48,4F,52,4E,45,54,35
16:04:34.069 -> -75, 02,01,06,07,16,09,18,D3,30,00,FE,04,16,0F,18,05,08,09,48,4F,52,4E,45,54,35
16:04:34.069 -> -74, 02,01,06,07,16,09,18,D3,30,00,FE,04,16,0F,18,05,08,09,48,4F,52,4E,45,54,35
16:04:34.069 -> -75, 02,01,06,07,16,09,18,D3,30,00,FE,04,16,0F,18,05,08,09,48,4F,52,4E,45,54,35
16:04:34.115 -> -74, 02,01,06,07,16,09,18,D3,30,00,FE,04,16,0F,18,05,08,09,48,4F,52,4E,45,54,35
16:04:34.115 -> -75, 02,01,06,07,16,09,18,D3,30,00,FE,04,16,0F,18,05,08,09,48,4F,52,4E,45,54,35
16:04:34.162 -> -74, 02,01,06,07,16,09,18,D3,30,00,FE,04,16,0F,18,05,08,09,48,4F,52,4E,45,54,35
16:04:34.162 -> -75, 02,01,06,07,16,09,18,D3,30,00,FE,04,16,0F,18,05,08,09,48,4F,52,4E,45,54,35
16:04:34.208 -> -75, 02,01,06,07,16,09,18,D3,30,00,FE,04,16,0F,18,05,08,09,48,4F,52,4E,45,54,35
16:04:34.208 -> -75, 02,01,06,07,16,09,18,D3,30,00,FE,04,16,0F,18,05,08,09,48,4F,52,4E,45,54,35
16:04:34.208 -> -75, 02,01,06,07,16,09,18,D3,30,00,FE,04,16,0F,18,05,08,09,48,4F,52,4E,45,54,35
16:04:34.208 -> -74, 02,01,06,07,16,09,18,D3,30,00,FE,04,16,0F,18,05,08,09,48,4F,52,4E,45,54,35
16:04:34.256 -> -75, 02,01,06,07,16,09,18,D3,30,00,FE,04,16,0F,18,05,08,09,48,4F,52,4E,45,54,35
16:04:34.256 -> -74, 02,01,06,07,16,09,18,D3,30,00,FE,04,16,0F,18,05,08,09,48,4F,52,4E,45,54,35
16:04:34.304 -> -74, 02,01,06,07,16,09,18,D3,30,00,FE,04,16,0F,18,05,08,09,48,4F,52,4E,45,54,35
16:04:34.351 -> -74, 02,01,06,07,16,09,18,D3,30,00,FE,04,16,0F,18,05,08,09,48,4F,52,4E,45,54,35
16:04:34.351 -> -74, 02,01,06,07,16,09,18,D3,30,00,FE,04,16,0F,18,05,08,09,48,4F,52,4E,45,54,35
16:04:34.351 -> -74, 02,01,06,07,16,09,18,D3,30,00,FE,04,16,0F,18,05,08,09,48,4F,52,4E,45,54,35
16:04:34.396 -> -74, 02,01,06,07,16,09,18,D3,30,00,FE,04,16,0F,18,05,08,09,48,4F,52,4E,45,54,35
16:04:34.396 -> -74, 02,01,06,07,16,09,18,D3,30,00,FE,04,16,0F,18,05,08,09,48,4F,52,4E,45,54,35
16:04:34.396 -> -74, 02,01,06,07,16,09,18,D3,30,00,FE,04,16,0F,18,05,08,09,48,4F,52,4E,45,54,35
16:04:34.396 -> -74, 02,01,06,07,16,09,18,D3,30,00,FE,04,16,0F,18,05,08,09,48,4F,52,4E,45,54,35
16:04:34.445 -> -74, 02,01,06,07,16,09,18,D3,30,00,FE,04,16,0F,18,05,08,09,48,4F,52,4E,45,54,35
16:04:34.492 -> -75, 02,01,06,07,16,09,18,D3,30,00,FE,04,16,0F,18,05,08,09,48,4F,52,4E,45,54,35
16:04:34.492 -> -74, 02,01,06,07,16,09,18,D3,30,00,FE,04,16,0F,18,05,08,09,48,4F,52,4E,45,54,35
16:04:34.492 -> -74, 02,01,06,07,16,09,18,D3,30,00,FE,04,16,0F,18,05,08,09,48,4F,52,4E,45,54,35
16:04:34.492 -> -74, 02,01,06,07,16,09,18,D3,30,00,FE,04,16,0F,18,05,08,09,48,4F,52,4E,45,54,35
16:04:34.492 -> -75, 02,01,06,07,16,09,18,D3,30,00,FE,04,16,0F,18,05,08,09,48,4F,52,4E,45,54,35
16:04:34.538 -> -75, 02,01,06,07,16,09,18,D3,30,00,FE,04,16,0F,18,05,08,09,48,4F,52,4E,45,54,35
16:04:34.538 -> -74, 02,01,06,07,16,09,18,D3,30,00,FE,04,16,0F,18,05,08,09,48,4F,52,4E,45,54,35
16:04:34.538 -> -74, 02,01,06,07,16,09,18,D3,30,00,FE,04,16,0F,18,05,08,09,48,4F,52,4E,45,54,35
16:04:34.584 -> -76, 02,01,06,07,16,09,18,D3,30,00,FE,04,16,0F,18,05,08,09,48,4F,52,4E,45,54,35
16:04:34.584 -> -74, 02,01,06,07,16,09,18,D3,30,00,FE,04,16,0F,18,05,08,09,48,4F,52,4E,45,54,35
16:04:34.631 -> -75, 02,01,06,07,16,09,18,D3,30,00,FE,04,16,0F,18,05,08,09,48,4F,52,4E,45,54,35
16:04:34.631 -> -75, 02,01,06,07,16,09,18,D3,30,00,FE,04,16,0F,18,05,08,09,48,4F,52,4E,45,54,35
16:04:34.679 -> -75, 02,01,06,07,16,09,18,D3,30,00,FE,04,16,0F,18,05,08,09,48,4F,52,4E,45,54,35
16:04:34.727 -> -75, 02,01,06,07,16,09,18,D3,30,00,FE,04,16,0F,18,05,08,09,48,4F,52,4E,45,54,35
16:04:34.727 -> -75, 02,01,06,07,16,09,18,D3,30,00,FE,04,16,0F,18,05,08,09,48,4F,52,4E,45,54,35
16:04:34.727 -> -75, 02,01,06,07,16,09,18,D3,30,00,FE,04,16,0F,18,05,08,09,48,4F,52,4E,45,54,35
16:04:34.775 -> -75, 02,01,06,07,16,09,18,D3,30,00,FE,04,16,0F,18,05,08,09,48,4F,52,4E,45,54,35
16:04:34.775 -> -75, 02,01,06,07,16,09,18,D3,30,00,FE,04,16,0F,18,05,08,09,48,4F,52,4E,45,54,35
16:04:34.821 -> -75, 02,01,06,07,16,09,18,D3,30,00,FE,04,16,0F,18,05,08,09,48,4F,52,4E,45,54,35
16:04:34.821 -> -75, 02,01,06,07,16,09,18,D3,30,00,FE,04,16,0F,18,05,08,09,48,4F,52,4E,45,54,35
16:04:34.868 -> -75, 02,01,06,07,16,09,18,D3,30,00,FE,04,16,0F,18,05,08,09,48,4F,52,4E,45,54,35
16:04:34.868 -> -75, 02,01,06,07,16,09,18,D3,30,00,FE,04,16,0F,18,05,08,09,48,4F,52,4E,45,54,35
16:04:34.915 -> -75, 02,01,06,07,16,09,18,D3,30,00,FE,04,16,0F,18,05,08,09,48,4F,52,4E,45,54,35
16:04:34.915 -> -75, 02,01,06,07,16,09,18,D3,30,00,FE,04,16,0F,18,05,08,09,48,4F,52,4E,45,54,35
16:04:34.915 -> -75, 02,01,06,07,16,09,18,D3,30,00,FE,04,16,0F,18,05,08,09,48,4F,52,4E,45,54,35
16:04:34.962 -> -77, 02,01,06,07,16,09,18,D3,30,00,FE,04,16,0F,18,05,08,09,48,4F,52,4E,45,54,35
16:04:35.007 -> -77, 02,01,06,07,16,09,18,D3,30,00,FE,04,16,0F,18,05,08,09,48,4F,52,4E,45,54,35
16:04:35.007 -> -78, 02,01,06,07,16,09,18,D3,30,00,FE,04,16,0F,18,05,08,09,48,4F,52,4E,45,54,35
16:04:35.007 -> -78, 02,01,06,07,16,09,18,D3,30,00,FE,04,16,0F,18,05,08,09,48,4F,52,4E,45,54,35
16:04:35.007 -> -77, 02,01,06,07,16,09,18,D3,30,00,FE,04,16,0F,18,05,08,09,48,4F,52,4E,45,54,35
16:04:35.054 -> -77, 02,01,06,07,16,09,18,D3,30,00,FE,04,16,0F,18,05,08,09,48,4F,52,4E,45,54,35
16:04:35.054 -> -77, 02,01,06,07,16,09,18,D3,30,00,FE,04,16,0F,18,05,08,09,48,4F,52,4E,45,54,35
16:04:35.054 -> -78, 02,01,06,07,16,09,18,D3,30,00,FE,04,16,0F,18,05,08,09,48,4F,52,4E,45,54,35
16:04:35.054 -> -77, 02,01,06,07,16,09,18,D3,30,00,FE,04,16,0F,18,05,08,09,48,4F,52,4E,45,54,35
16:04:35.101 -> -77, 02,01,06,07,16,09,18,D3,30,00,FE,04,16,0F,18,05,08,09,48,4F,52,4E,45,54,35
16:04:35.101 -> -77, 02,01,06,07,16,09,18,D3,30,00,FE,04,16,0F,18,05,08,09,48,4F,52,4E,45,54,35
16:04:35.148 -> -78, 02,01,06,07,16,09,18,D3,30,00,FE,04,16,0F,18,05,08,09,48,4F,52,4E,45,54,35
16:04:35.148 -> -77, 02,01,06,07,16,09,18,D3,30,00,FE,04,16,0F,18,05,08,09,48,4F,52,4E,45,54,35
16:04:35.148 -> -78, 02,01,06,07,16,09,18,D3,30,00,FE,04,16,0F,18,05,08,09,48,4F,52,4E,45,54,35
16:04:35.195 -> -78, 02,01,06,07,16,09,18,D3,30,00,FE,04,16,0F,18,05,08,09,48,4F,52,4E,45,54,35
16:04:35.195 -> -77, 02,01,06,07,16,09,18,D3,30,00,FE,04,16,0F,18,05,08,09,48,4F,52,4E,45,54,35
16:04:35.195 -> -77, 02,01,06,07,16,09,18,D3,30,00,FE,04,16,0F,18,05,08,09,48,4F,52,4E,45,54,35
16:04:35.195 -> -77, 02,01,06,07,16,09,18,D3,30,00,FE,04,16,0F,18,05,08,09,48,4F,52,4E,45,54,35
16:04:35.241 -> -77, 02,01,06,07,16,09,18,D3,30,00,FE,04,16,0F,18,05,08,09,48,4F,52,4E,45,54,35
16:04:35.241 -> -78, 02,01,06,07,16,09,18,D3,30,00,FE,04,16,0F,18,05,08,09,48,4F,52,4E,45,54,35
16:04:35.287 -> -78, 02,01,06,07,16,09,18,D3,30,00,FE,04,16,0F,18,05,08,09,48,4F,52,4E,45,54,35
16:04:35.287 -> -78, 02,01,06,07,16,09,18,D3,30,00,FE,04,16,0F,18,05,08,09,48,4F,52,4E,45,54,35
16:04:35.287 -> -78, 02,01,06,07,16,09,18,D3,30,00,FE,04,16,0F,18,05,08,09,48,4F,52,4E,45,54,35
16:04:35.287 -> -78, 02,01,06,07,16,09,18,D3,30,00,FE,04,16,0F,18,05,08,09,48,4F,52,4E,45,54,35
16:04:35.287 -> -78, 02,01,06,07,16,09,18,D3,30,00,FE,04,16,0F,18,05,08,09,48,4F,52,4E,45,54,35
16:04:35.333 -> -78, 02,01,06,07,16,09,18,D3,30,00,FE,04,16,0F,18,05,08,09,48,4F,52,4E,45,54,35
16:04:35.333 -> -77, 02,01,06,07,16,09,18,D3,30,00,FE,04,16,0F,18,05,08,09,48,4F,52,4E,45,54,35
16:04:35.333 -> -78, 02,01,06,07,16,09,18,D3,30,00,FE,04,16,0F,18,05,08,09,48,4F,52,4E,45,54,35
16:04:35.333 -> -78, 02,01,06,07,16,09,18,D3,30,00,FE,04,16,0F,18,05,08,09,48,4F,52,4E,45,54,35
16:04:35.381 -> -77, 02,01,06,07,16,09,18,D3,30,00,FE,04,16,0F,18,05,08,09,48,4F,52,4E,45,54,35
16:04:35.381 -> -78, 02,01,06,07,16,09,18,D3,30,00,FE,04,16,0F,18,05,08,09,48,4F,52,4E,45,54,35
16:04:35.381 -> -78, 02,01,06,07,16,09,18,D3,30,00,FE,04,16,0F,18,05,08,09,48,4F,52,4E,45,54,35
16:04:35.381 -> -78, 02,01,06,07,16,09,18,D3,30,00,FE,04,16,0F,18,05,08,09,48,4F,52,4E,45,54,35
16:04:35.426 -> -78, 02,01,06,07,16,09,18,D3,30,00,FE,04,16,0F,18,05,08,09,48,4F,52,4E,45,54,35
16:04:35.426 -> -78, 02,01,06,07,16,09,18,D3,30,00,FE,04,16,0F,18,05,08,09,48,4F,52,4E,45,54,35
16:04:35.426 -> -78, 02,01,06,07,16,09,18,D3,30,00,FE,04,16,0F,18,05,08,09,48,4F,52,4E,45,54,35
16:04:35.472 -> -74, 02,01,06,07,16,09,18,D3,30,00,FE,04,16,0F,18,05,08,09,48,4F,52,4E,45,54,35
16:04:35.472 -> -74, 02,01,06,07,16,09,18,D3,30,00,FE,04,16,0F,18,05,08,09,48,4F,52,4E,45,54,35
16:04:35.472 -> -75, 02,01,06,07,16,09,18,D3,30,00,FE,04,16,0F,18,05,08,09,48,4F,52,4E,45,54,35
16:04:35.520 -> -74, 02,01,06,07,16,09,18,D3,30,00,FE,04,16,0F,18,05,08,09,48,4F,52,4E,45,54,35
16:04:35.520 -> -74, 02,01,06,07,16,09,18,D3,30,00,FE,04,16,0F,18,05,08,09,48,4F,52,4E,45,54,35
16:04:35.520 -> -74, 02,01,06,07,16,09,18,D3,30,00,FE,04,16,0F,18,05,08,09,48,4F,52,4E,45,54,35
16:04:35.566 -> -74, 02,01,06,07,16,09,18,D3,30,00,FE,04,16,0F,18,05,08,09,48,4F,52,4E,45,54,35
16:04:35.566 -> -74, 02,01,06,07,16,09,18,D3,30,00,FE,04,16,0F,18,05,08,09,48,4F,52,4E,45,54,35
16:04:35.566 -> -74, 02,01,06,07,16,09,18,D3,30,00,FE,04,16,0F,18,05,08,09,48,4F,52,4E,45,54,35
16:04:35.613 -> -74, 02,01,06,07,16,09,18,D3,30,00,FE,04,16,0F,18,05,08,09,48,4F,52,4E,45,54,35
16:04:35.613 -> -74, 02,01,06,07,16,09,18,D3,30,00,FE,04,16,0F,18,05,08,09,48,4F,52,4E,45,54,35
16:04:35.660 -> -74, 02,01,06,07,16,09,18,D3,30,00,FE,04,16,0F,18,05,08,09,48,4F,52,4E,45,54,35
16:04:35.660 -> -75, 02,01,06,07,16,09,18,D3,30,00,FE,04,16,0F,18,05,08,09,48,4F,52,4E,45,54,35
16:04:35.660 -> -74, 02,01,06,07,16,09,18,D3,30,00,FE,04,16,0F,18,05,08,09,48,4F,52,4E,45,54,35
16:04:35.708 -> -75, 02,01,06,07,16,09,18,D3,30,00,FE,04,16,0F,18,05,08,09,48,4F,52,4E,45,54,35
16:04:35.708 -> -75, 02,01,06,07,16,09,18,D3,30,00,FE,04,16,0F,18,05,08,09,48,4F,52,4E,45,54,35
16:04:35.708 -> -74, 02,01,06,07,16,09,18,D3,30,00,FE,04,16,0F,18,05,08,09,48,4F,52,4E,45,54,35
16:04:35.708 -> -74, 02,01,06,07,16,09,18,D3,30,00,FE,04,16,0F,18,05,08,09,48,4F,52,4E,45,54,35
16:04:35.754 -> -74, 02,01,06,07,16,09,18,D3,30,00,FE,04,16,0F,18,05,08,09,48,4F,52,4E,45,54,35
16:04:35.754 -> -74, 02,01,06,07,16,09,18,D3,30,00,FE,04,16,0F,18,05,08,09,48,4F,52,4E,45,54,35
16:04:35.754 -> -74, 02,01,06,07,16,09,18,D3,30,00,FE,04,16,0F,18,05,08,09,48,4F,52,4E,45,54,35
16:04:35.800 -> -74, 02,01,06,07,16,09,18,D3,30,00,FE,04,16,0F,18,05,08,09,48,4F,52,4E,45,54,35
16:04:35.800 -> -74, 02,01,06,07,16,09,18,D3,30,00,FE,04,16,0F,18,05,08,09,48,4F,52,4E,45,54,35
16:04:35.800 -> -74, 02,01,06,07,16,09,18,D3,30,00,FE,04,16,0F,18,05,08,09,48,4F,52,4E,45,54,35
16:04:35.800 -> -74, 02,01,06,07,16,09,18,D3,30,00,FE,04,16,0F,18,05,08,09,48,4F,52,4E,45,54,35
16:04:35.847 -> -74, 02,01,06,07,16,09,18,D3,30,00,FE,04,16,0F,18,05,08,09,48,4F,52,4E,45,54,35
16:04:35.847 -> -75, 02,01,06,07,16,09,18,D3,30,00,FE,04,16,0F,18,05,08,09,48,4F,52,4E,45,54,35
16:04:35.895 -> -74, 02,01,06,07,16,09,18,D3,30,00,FE,04,16,0F,18,05,08,09,48,4F,52,4E,45,54,35
16:04:35.895 -> -74, 02,01,06,07,16,09,18,D3,30,00,FE,04,16,0F,18,05,08,09,48,4F,52,4E,45,54,35
16:04:35.895 -> -74, 02,01,06,07,16,09,18,D3,30,00,FE,04,16,0F,18,05,08,09,48,4F,52,4E,45,54,35
16:04:35.895 -> -75, 02,01,06,07,16,09,18,D3,30,00,FE,04,16,0F,18,05,08,09,48,4F,52,4E,45,54,35
16:04:35.941 -> -74, 02,01,06,07,16,09,18,D3,30,00,FE,04,16,0F,18,05,08,09,48,4F,52,4E,45,54,35
16:04:35.941 -> -75, 02,01,06,07,16,09,18,D3,30,00,FE,04,16,0F,18,05,08,09,48,4F,52,4E,45,54,35
16:04:35.989 -> -74, 02,01,06,07,16,09,18,D3,30,00,FE,04,16,0F,18,05,08,09,48,4F,52,4E,45,54,35
16:04:36.035 -> -75, 02,01,06,07,16,09,18,D3,30,00,FE,04,16,0F,18,05,08,09,48,4F,52,4E,45,54,35
16:04:36.035 -> -75, 02,01,06,07,16,09,18,D3,30,00,FE,04,16,0F,18,05,08,09,48,4F,52,4E,45,54,35
16:04:36.083 -> -75, 02,01,06,07,16,09,18,D3,30,00,FE,04,16,0F,18,05,08,09,48,4F,52,4E,45,54,35
16:04:36.083 -> -75, 02,01,06,07,16,09,18,D3,30,00,FE,04,16,0F,18,05,08,09,48,4F,52,4E,45,54,35
16:04:36.129 -> -74, 02,01,06,07,16,09,18,D3,30,00,FE,04,16,0F,18,05,08,09,48,4F,52,4E,45,54,35
16:04:36.129 -> -75, 02,01,06,07,16,09,18,D3,30,00,FE,04,16,0F,18,05,08,09,48,4F,52,4E,45,54,35
16:04:36.176 -> -75, 02,01,06,07,16,09,18,D3,30,00,FE,04,16,0F,18,05,08,09,48,4F,52,4E,45,54,35
16:04:36.176 -> -75, 02,01,06,07,16,09,18,D3,30,00,FE,04,16,0F,18,05,08,09,48,4F,52,4E,45,54,35
16:04:36.270 -> -75, 02,01,06,07,16,09,18,D3,30,00,FE,04,16,0F,18,05,08,09,48,4F,52,4E,45,54,35
16:04:36.270 -> -75, 02,01,06,07,16,09,18,D3,30,00,FE,04,16,0F,18,05,08,09,48,4F,52,4E,45,54,35
16:04:36.317 -> -75, 02,01,06,07,16,09,18,D3,30,00,FE,04,16,0F,18,05,08,09,48,4F,52,4E,45,54,35
16:04:36.317 -> -75, 02,01,06,07,16,09,18,D3,30,00,FE,04,16,0F,18,05,08,09,48,4F,52,4E,45,54,35
16:04:36.364 -> -75, 02,01,06,07,16,09,18,D3,30,00,FE,04,16,0F,18,05,08,09,48,4F,52,4E,45,54,35
16:04:36.364 -> -75, 02,01,06,07,16,09,18,D3,30,00,FE,04,16,0F,18,05,08,09,48,4F,52,4E,45,54,35
16:04:36.364 -> -75, 02,01,06,07,16,09,18,D3,30,00,FE,04,16,0F,18,05,08,09,48,4F,52,4E,45,54,35
16:04:36.458 -> -75, 02,01,06,07,16,09,18,D3,30,00,FE,04,16,0F,18,05,08,09,48,4F,52,4E,45,54,35
16:04:36.458 -> -79, 02,01,06,07,16,09,18,D3,30,00,FE,04,16,0F,18,05,08,09,48,4F,52,4E,45,54,35
16:04:36.458 -> -78, 02,01,06,07,16,09,18,D3,30,00,FE,04,16,0F,18,05,08,09,48,4F,52,4E,45,54,35
16:04:36.458 -> -78, 02,01,06,07,16,09,18,D3,30,00,FE,04,16,0F,18,05,08,09,48,4F,52,4E,45,54,35
16:04:36.506 -> -78, 02,01,06,07,16,09,18,D3,30,00,FE,04,16,0F,18,05,08,09,48,4F,52,4E,45,54,35
16:04:36.506 -> -78, 02,01,06,07,16,09,18,D3,30,00,FE,04,16,0F,18,05,08,09,48,4F,52,4E,45,54,35
16:04:36.506 -> -78, 02,01,06,07,16,09,18,D3,30,00,FE,04,16,0F,18,05,08,09,48,4F,52,4E,45,54,35
16:04:36.506 -> -78, 02,01,06,07,16,09,18,D3,30,00,FE,04,16,0F,18,05,08,09,48,4F,52,4E,45,54,35
16:04:36.554 -> -78, 02,01,06,07,16,09,18,D3,30,00,FE,04,16,0F,18,05,08,09,48,4F,52,4E,45,54,35
16:04:36.554 -> -78, 02,01,06,07,16,09,18,D3,30,00,FE,04,16,0F,18,05,08,09,48,4F,52,4E,45,54,35
16:04:36.554 -> -77, 02,01,06,07,16,09,18,D3,30,00,FE,04,16,0F,18,05,08,09,48,4F,52,4E,45,54,35
16:04:36.554 -> -78, 02,01,06,07,16,09,18,D3,30,00,FE,04,16,0F,18,05,08,09,48,4F,52,4E,45,54,35
16:04:36.600 -> -78, 02,01,06,07,16,09,18,D3,30,00,FE,04,16,0F,18,05,08,09,48,4F,52,4E,45,54,35
16:04:36.600 -> -78, 02,01,06,07,16,09,18,D3,30,00,FE,04,16,0F,18,05,08,09,48,4F,52,4E,45,54,35
16:04:36.600 -> -78, 02,01,06,07,16,09,18,D3,30,00,FE,04,16,0F,18,05,08,09,48,4F,52,4E,45,54,35
16:04:36.645 -> -78, 02,01,06,07,16,09,18,D3,30,00,FE,04,16,0F,18,05,08,09,48,4F,52,4E,45,54,35
16:04:36.645 -> -78, 02,01,06,07,16,09,18,D3,30,00,FE,04,16,0F,18,05,08,09,48,4F,52,4E,45,54,35
16:04:36.645 -> -78, 02,01,06,07,16,09,18,D3,30,00,FE,04,16,0F,18,05,08,09,48,4F,52,4E,45,54,35
16:04:36.645 -> -78, 02,01,06,07,16,09,18,D3,30,00,FE,04,16,0F,18,05,08,09,48,4F,52,4E,45,54,35
16:04:36.645 -> -78, 02,01,06,07,16,09,18,D3,30,00,FE,04,16,0F,18,05,08,09,48,4F,52,4E,45,54,35
16:04:36.693 -> -77, 02,01,06,07,16,09,18,D3,30,00,FE,04,16,0F,18,05,08,09,48,4F,52,4E,45,54,35
16:04:36.693 -> -78, 02,01,06,07,16,09,18,D3,30,00,FE,04,16,0F,18,05,08,09,48,4F,52,4E,45,54,35
16:04:36.740 -> -78, 02,01,06,07,16,09,18,D3,30,00,FE,04,16,0F,18,05,08,09,48,4F,52,4E,45,54,35
16:04:36.740 -> -78, 02,01,06,07,16,09,18,D3,30,00,FE,04,16,0F,18,05,08,09,48,4F,52,4E,45,54,35
16:04:36.740 -> -78, 02,01,06,07,16,09,18,D3,30,00,FE,04,16,0F,18,05,08,09,48,4F,52,4E,45,54,35
16:04:36.740 -> -78, 02,01,06,07,16,09,18,D3,30,00,FE,04,16,0F,18,05,08,09,48,4F,52,4E,45,54,35
16:04:36.787 -> -78, 02,01,06,07,16,09,18,D3,30,00,FE,04,16,0F,18,05,08,09,48,4F,52,4E,45,54,35
16:04:36.787 -> -78, 02,01,06,07,16,09,18,D3,30,00,FE,04,16,0F,18,05,08,09,48,4F,52,4E,45,54,35
16:04:36.787 -> -78, 02,01,06,07,16,09,18,D3,30,00,FE,04,16,0F,18,05,08,09,48,4F,52,4E,45,54,35
16:04:36.787 -> -78, 02,01,06,07,16,09,18,D3,30,00,FE,04,16,0F,18,05,08,09,48,4F,52,4E,45,54,35
16:04:36.835 -> -79, 02,01,06,07,16,09,18,D3,30,00,FE,04,16,0F,18,05,08,09,48,4F,52,4E,45,54,35
16:04:36.835 -> -78, 02,01,06,07,16,09,18,D3,30,00,FE,04,16,0F,18,05,08,09,48,4F,52,4E,45,54,35
16:04:36.835 -> -78, 02,01,06,07,16,09,18,D3,30,00,FE,04,16,0F,18,05,08,09,48,4F,52,4E,45,54,35
16:04:36.882 -> -79, 02,01,06,07,16,09,18,D3,30,00,FE,04,16,0F,18,05,08,09,48,4F,52,4E,45,54,35
16:04:36.882 -> -78, 02,01,06,07,16,09,18,D3,30,00,FE,04,16,0F,18,05,08,09,48,4F,52,4E,45,54,35
16:04:36.882 -> -78, 02,01,06,07,16,09,18,D3,30,00,FE,04,16,0F,18,05,08,09,48,4F,52,4E,45,54,35
16:04:36.929 -> -78, 02,01,06,07,16,09,18,D3,30,00,FE,04,16,0F,18,05,08,09,48,4F,52,4E,45,54,35
16:04:36.929 -> -78, 02,01,06,07,16,09,18,D3,30,00,FE,04,16,0F,18,05,08,09,48,4F,52,4E,45,54,35
16:04:36.929 -> -74, 02,01,06,07,16,09,18,D3,30,00,FE,04,16,0F,18,05,08,09,48,4F,52,4E,45,54,35
16:04:36.976 -> -74, 02,01,06,07,16,09,18,D3,30,00,FE,04,16,0F,18,05,08,09,48,4F,52,4E,45,54,35
16:04:36.976 -> -74, 02,01,06,07,16,09,18,D3,30,00,FE,04,16,0F,18,05,08,09,48,4F,52,4E,45,54,35
16:04:36.976 -> -75, 02,01,06,07,16,09,18,D3,30,00,FE,04,16,0F,18,05,08,09,48,4F,52,4E,45,54,35
16:04:37.023 -> -74, 02,01,06,07,16,09,18,D3,30,00,FE,04,16,0F,18,05,08,09,48,4F,52,4E,45,54,35
16:04:37.023 -> -74, 02,01,06,07,16,09,18,D3,30,00,FE,04,16,0F,18,05,08,09,48,4F,52,4E,45,54,35
16:04:37.023 -> -74, 02,01,06,07,16,09,18,D3,30,00,FE,04,16,0F,18,05,08,09,48,4F,52,4E,45,54,35
16:04:37.023 -> -74, 02,01,06,07,16,09,18,D3,30,00,FE,04,16,0F,18,05,08,09,48,4F,52,4E,45,54,35
16:04:37.070 -> -74, 02,01,06,07,16,09,18,D3,30,00,FE,04,16,0F,18,05,08,09,48,4F,52,4E,45,54,35
16:04:37.070 -> -75, 02,01,06,07,16,09,18,D3,30,00,FE,04,16,0F,18,05,08,09,48,4F,52,4E,45,54,35
16:04:37.070 -> -74, 02,01,06,07,16,09,18,D3,30,00,FE,04,16,0F,18,05,08,09,48,4F,52,4E,45,54,35
16:04:37.070 -> -74, 02,01,06,07,16,09,18,D3,30,00,FE,04,16,0F,18,05,08,09,48,4F,52,4E,45,54,35
16:04:37.070 -> -75, 02,01,06,07,16,09,18,D3,30,00,FE,04,16,0F,18,05,08,09,48,4F,52,4E,45,54,35
16:04:37.118 -> -74, 02,01,06,07,16,09,18,D3,30,00,FE,04,16,0F,18,05,08,09,48,4F,52,4E,45,54,35
16:04:37.118 -> -74, 02,01,06,07,16,09,18,D3,30,00,FE,04,16,0F,18,05,08,09,48,4F,52,4E,45,54,35
16:04:37.118 -> -75, 02,01,06,07,16,09,18,D3,30,00,FE,04,16,0F,18,05,08,09,48,4F,52,4E,45,54,35
16:04:37.165 -> -74, 02,01,06,07,16,09,18,D3,30,00,FE,04,16,0F,18,05,08,09,48,4F,52,4E,45,54,35
16:04:37.165 -> -75, 02,01,06,07,16,09,18,D3,30,00,FE,04,16,0F,18,05,08,09,48,4F,52,4E,45,54,35
16:04:37.165 -> -74, 02,01,06,07,16,09,18,D3,30,00,FE,04,16,0F,18,05,08,09,48,4F,52,4E,45,54,35
16:04:37.165 -> -75, 02,01,06,07,16,09,18,D3,30,00,FE,04,16,0F,18,05,08,09,48,4F,52,4E,45,54,35
16:04:37.211 -> -75, 02,01,06,07,16,09,18,D3,30,00,FE,04,16,0F,18,05,08,09,48,4F,52,4E,45,54,35
16:04:37.211 -> -75, 02,01,06,07,16,09,18,D3,30,00,FE,04,16,0F,18,05,08,09,48,4F,52,4E,45,54,35
16:04:37.211 -> -75, 02,01,06,07,16,09,18,D3,30,00,FE,04,16,0F,18,05,08,09,48,4F,52,4E,45,54,35
16:04:37.211 -> -74, 02,01,06,07,16,09,18,D3,30,00,FE,04,16,0F,18,05,08,09,48,4F,52,4E,45,54,35
16:04:37.258 -> -73, 02,01,06,07,16,09,18,D3,30,00,FE,04,16,0F,18,05,08,09,48,4F,52,4E,45,54,35
16:04:37.258 -> -75, 02,01,06,07,16,09,18,D3,30,00,FE,04,16,0F,18,05,08,09,48,4F,52,4E,45,54,35
16:04:37.258 -> -74, 02,01,06,07,16,09,18,D3,30,00,FE,04,16,0F,18,05,08,09,48,4F,52,4E,45,54,35
16:04:37.258 -> -75, 02,01,06,07,16,09,18,D3,30,00,FE,04,16,0F,18,05,08,09,48,4F,52,4E,45,54,35
16:04:37.304 -> -75, 02,01,06,07,16,09,18,D3,30,00,FE,04,16,0F,18,05,08,09,48,4F,52,4E,45,54,35
16:04:37.352 -> -74, 02,01,06,07,16,09,18,D3,30,00,FE,04,16,0F,18,05,08,09,48,4F,52,4E,45,54,35
16:04:37.352 -> -74, 02,01,06,07,16,09,18,D3,30,00,FE,04,16,0F,18,05,08,09,48,4F,52,4E,45,54,35
16:04:37.352 -> -75, 02,01,06,07,16,09,18,D3,30,00,FE,04,16,0F,18,05,08,09,48,4F,52,4E,45,54,35
16:04:37.398 -> -74, 02,01,06,07,16,09,18,D3,30,00,FE,04,16,0F,18,05,08,09,48,4F,52,4E,45,54,35
16:04:37.398 -> -73, 02,01,06,07,16,09,18,D3,30,00,FE,04,16,0F,18,05,08,09,48,4F,52,4E,45,54,35
16:04:37.445 -> -74, 02,01,06,07,16,09,18,D3,30,00,FE,04,16,0F,18,05,08,09,48,4F,52,4E,45,54,35
16:04:37.445 -> -75, 02,01,06,07,16,09,18,D3,30,00,FE,04,16,0F,18,05,08,09,48,4F,52,4E,45,54,35
16:04:37.492 -> -75, 02,01,06,07,16,09,18,D3,30,00,FE,04,16,0F,18,05,08,09,48,4F,52,4E,45,54,35
16:04:37.492 -> -75, 02,01,06,07,16,09,18,D3,30,00,FE,04,16,0F,18,05,08,09,48,4F,52,4E,45,54,35
16:04:37.492 -> -75, 02,01,06,07,16,09,18,D3,30,00,FE,04,16,0F,18,05,08,09,48,4F,52,4E,45,54,35
16:04:37.492 -> -75, 02,01,06,07,16,09,18,D3,30,00,FE,04,16,0F,18,05,08,09,48,4F,52,4E,45,54,35
16:04:37.539 -> -75, 02,01,06,07,16,09,18,D3,30,00,FE,04,16,0F,18,05,08,09,48,4F,52,4E,45,54,35
16:04:37.539 -> -74, 02,01,06,07,16,09,18,D3,30,00,FE,04,16,0F,18,05,08,09,48,4F,52,4E,45,54,35
16:04:37.587 -> -75, 02,01,06,07,16,09,18,D3,30,00,FE,04,16,0F,18,05,08,09,48,4F,52,4E,45,54,35
16:04:37.587 -> -75, 02,01,06,07,16,09,18,D3,30,00,FE,04,16,0F,18,05,08,09,48,4F,52,4E,45,54,35
16:04:37.634 -> -75, 02,01,06,07,16,09,18,D3,30,00,FE,04,16,0F,18,05,08,09,48,4F,52,4E,45,54,35
16:04:37.634 -> -75, 02,01,06,07,16,09,18,D3,30,00,FE,04,16,0F,18,05,08,09,48,4F,52,4E,45,54,35
16:04:37.682 -> -75, 02,01,06,07,16,09,18,D3,30,00,FE,04,16,0F,18,05,08,09,48,4F,52,4E,45,54,35
16:04:37.682 -> -74, 02,01,06,07,16,09,18,D3,30,00,FE,04,16,0F,18,05,08,09,48,4F,52,4E,45,54,35
16:04:37.682 -> -75, 02,01,06,07,16,09,18,D3,30,00,FE,04,16,0F,18,05,08,09,48,4F,52,4E,45,54,35
16:04:37.682 -> -75, 02,01,06,07,16,09,18,D3,30,00,FE,04,16,0F,18,05,08,09,48,4F,52,4E,45,54,35
16:04:37.728 -> -74, 02,01,06,07,16,09,18,D3,30,00,FE,04,16,0F,18,05,08,09,48,4F,52,4E,45,54,35
16:04:37.728 -> -75, 02,01,06,07,16,09,18,D3,30,00,FE,04,16,0F,18,05,08,09,48,4F,52,4E,45,54,35
16:04:37.728 -> -75, 02,01,06,07,16,09,18,D3,30,00,FE,04,16,0F,18,05,08,09,48,4F,52,4E,45,54,35
16:04:37.774 -> -74, 02,01,06,07,16,09,18,D3,30,00,FE,04,16,0F,18,05,08,09,48,4F,52,4E,45,54,35
16:04:37.774 -> -75, 02,01,06,07,16,09,18,D3,30,00,FE,04,16,0F,18,05,08,09,48,4F,52,4E,45,54,35
16:04:37.822 -> -74, 02,01,06,07,16,09,18,D3,30,00,FE,04,16,0F,18,05,08,09,48,4F,52,4E,45,54,35
16:04:37.869 -> -74, 02,01,06,07,16,09,18,D3,30,00,FE,04,16,0F,18,05,08,09,48,4F,52,4E,45,54,35
16:04:37.869 -> -74, 02,01,06,07,16,09,18,D3,30,00,FE,04,16,0F,18,05,08,09,48,4F,52,4E,45,54,35
16:04:37.915 -> -74, 02,01,06,07,16,09,18,D3,30,00,FE,04,16,0F,18,05,08,09,48,4F,52,4E,45,54,35
16:04:37.915 -> -74, 02,01,06,07,16,09,18,D3,30,00,FE,04,16,0F,18,05,08,09,48,4F,52,4E,45,54,35
16:04:37.915 -> -74, 02,01,06,07,16,09,18,D3,30,00,FE,04,16,0F,18,05,08,09,48,4F,52,4E,45,54,35
16:04:37.915 -> -75, 02,01,06,07,16,09,18,D3,30,00,FE,04,16,0F,18,05,08,09,48,4F,52,4E,45,54,35
16:04:37.962 -> -74, 02,01,06,07,16,09,18,D3,30,00,FE,04,16,0F,18,05,08,09,48,4F,52,4E,45,54,35
16:04:37.962 -> -77, 02,01,06,07,16,09,18,D3,30,00,FE,04,16,0F,18,05,08,09,48,4F,52,4E,45,54,35
16:04:37.962 -> -77, 02,01,06,07,16,09,18,D3,30,00,FE,04,16,0F,18,05,08,09,48,4F,52,4E,45,54,35
16:04:37.962 -> -77, 02,01,06,07,16,09,18,D3,30,00,FE,04,16,0F,18,05,08,09,48,4F,52,4E,45,54,35
16:04:38.009 -> -77, 02,01,06,07,16,09,18,D3,30,00,FE,04,16,0F,18,05,08,09,48,4F,52,4E,45,54,35
16:04:38.009 -> -77, 02,01,06,07,16,09,18,D3,30,00,FE,04,16,0F,18,05,08,09,48,4F,52,4E,45,54,35
16:04:38.009 -> -77, 02,01,06,07,16,09,18,D3,30,00,FE,04,16,0F,18,05,08,09,48,4F,52,4E,45,54,35
16:04:38.055 -> -77, 02,01,06,07,16,09,18,D3,30,00,FE,04,16,0F,18,05,08,09,48,4F,52,4E,45,54,35
16:04:38.055 -> -77, 02,01,06,07,16,09,18,D3,30,00,FE,04,16,0F,18,05,08,09,48,4F,52,4E,45,54,35
16:04:38.055 -> -77, 02,01,06,07,16,09,18,D3,30,00,FE,04,16,0F,18,05,08,09,48,4F,52,4E,45,54,35
16:04:38.055 -> -77, 02,01,06,07,16,09,18,D3,30,00,FE,04,16,0F,18,05,08,09,48,4F,52,4E,45,54,35
16:04:38.102 -> -78, 02,01,06,07,16,09,18,D3,30,00,FE,04,16,0F,18,05,08,09,48,4F,52,4E,45,54,35
16:04:38.102 -> -78, 02,01,06,07,16,09,18,D3,30,00,FE,04,16,0F,18,05,08,09,48,4F,52,4E,45,54,35
16:04:38.102 -> -78, 02,01,06,07,16,09,18,D3,30,00,FE,04,16,0F,18,05,08,09,48,4F,52,4E,45,54,35
16:04:38.102 -> -78, 02,01,06,07,16,09,18,D3,30,00,FE,04,16,0F,18,05,08,09,48,4F,52,4E,45,54,35
16:04:38.148 -> -77, 02,01,06,07,16,09,18,D3,30,00,FE,04,16,0F,18,05,08,09,48,4F,52,4E,45,54,35
16:04:38.148 -> -77, 02,01,06,07,16,09,18,D3,30,00,FE,04,16,0F,18,05,08,09,48,4F,52,4E,45,54,35
16:04:38.148 -> -77, 02,01,06,07,16,09,18,D3,30,00,FE,04,16,0F,18,05,08,09,48,4F,52,4E,45,54,35
16:04:38.148 -> -77, 02,01,06,07,16,09,18,D3,30,00,FE,04,16,0F,18,05,08,09,48,4F,52,4E,45,54,35
16:04:38.195 -> -78, 02,01,06,07,16,09,18,D3,30,00,FE,04,16,0F,18,05,08,09,48,4F,52,4E,45,54,35
16:04:38.195 -> -77, 02,01,06,07,16,09,18,D3,30,00,FE,04,16,0F,18,05,08,09,48,4F,52,4E,45,54,35
16:04:38.195 -> -77, 02,01,06,07,16,09,18,D3,30,00,FE,04,16,0F,18,05,08,09,48,4F,52,4E,45,54,35
16:04:38.195 -> -77, 02,01,06,07,16,09,18,D3,30,00,FE,04,16,0F,18,05,08,09,48,4F,52,4E,45,54,35
16:04:38.195 -> -78, 02,01,06,07,16,09,18,D3,30,00,FE,04,16,0F,18,05,08,09,48,4F,52,4E,45,54,35
16:04:38.240 -> -78, 02,01,06,07,16,09,18,D3,30,00,FE,04,16,0F,18,05,08,09,48,4F,52,4E,45,54,35
16:04:38.240 -> -78, 02,01,06,07,16,09,18,D3,30,00,FE,04,16,0F,18,05,08,09,48,4F,52,4E,45,54,35
16:04:38.240 -> -78, 02,01,06,07,16,09,18,D3,30,00,FE,04,16,0F,18,05,08,09,48,4F,52,4E,45,54,35
16:04:38.286 -> -78, 02,01,06,07,16,09,18,D3,30,00,FE,04,16,0F,18,05,08,09,48,4F,52,4E,45,54,35
16:04:38.286 -> -78, 02,01,06,07,16,09,18,D3,30,00,FE,04,16,0F,18,05,08,09,48,4F,52,4E,45,54,35
16:04:38.286 -> -78, 02,01,06,07,16,09,18,D3,30,00,FE,04,16,0F,18,05,08,09,48,4F,52,4E,45,54,35
16:04:38.333 -> -78, 02,01,06,07,16,09,18,D3,30,00,FE,04,16,0F,18,05,08,09,48,4F,52,4E,45,54,35
16:04:38.333 -> -78, 02,01,06,07,16,09,18,D3,30,00,FE,04,16,0F,18,05,08,09,48,4F,52,4E,45,54,35
16:04:38.333 -> -78, 02,01,06,07,16,09,18,D3,30,00,FE,04,16,0F,18,05,08,09,48,4F,52,4E,45,54,35
16:04:38.333 -> -78, 02,01,06,07,16,09,18,D3,30,00,FE,04,16,0F,18,05,08,09,48,4F,52,4E,45,54,35
16:04:38.379 -> -78, 02,01,06,07,16,09,18,D3,30,00,FE,04,16,0F,18,05,08,09,48,4F,52,4E,45,54,35
16:04:38.379 -> -78, 02,01,06,07,16,09,18,D3,30,00,FE,04,16,0F,18,05,08,09,48,4F,52,4E,45,54,35
16:04:38.426 -> -78, 02,01,06,07,16,09,18,D3,30,00,FE,04,16,0F,18,05,08,09,48,4F,52,4E,45,54,35
16:04:38.426 -> -78, 02,01,06,07,16,09,18,D3,30,00,FE,04,16,0F,18,05,08,09,48,4F,52,4E,45,54,35
16:04:38.426 -> -78, 02,01,06,07,16,09,18,D3,30,00,FE,04,16,0F,18,05,08,09,48,4F,52,4E,45,54,35
16:04:38.426 -> -74, 02,01,06,07,16,09,18,D3,30,00,FE,04,16,0F,18,05,08,09,48,4F,52,4E,45,54,35
16:04:38.472 -> -75, 02,01,06,07,16,09,18,D3,30,00,FE,04,16,0F,18,05,08,09,48,4F,52,4E,45,54,35
16:04:38.472 -> -74, 02,01,06,07,16,09,18,D3,30,00,FE,04,16,0F,18,05,08,09,48,4F,52,4E,45,54,35
16:04:38.519 -> -75, 02,01,06,07,16,09,18,D3,30,00,FE,04,16,0F,18,05,08,09,48,4F,52,4E,45,54,35
16:04:38.519 -> -75, 02,01,06,07,16,09,18,D3,30,00,FE,04,16,0F,18,05,08,09,48,4F,52,4E,45,54,35
16:04:38.519 -> -75, 02,01,06,07,16,09,18,D3,30,00,FE,04,16,0F,18,05,08,09,48,4F,52,4E,45,54,35
16:04:38.566 -> -74, 02,01,06,07,16,09,18,D3,30,00,FE,04,16,0F,18,05,08,09,48,4F,52,4E,45,54,35
16:04:38.566 -> -75, 02,01,06,07,16,09,18,D3,30,00,FE,04,16,0F,18,05,08,09,48,4F,52,4E,45,54,35
16:04:38.566 -> -75, 02,01,06,07,16,09,18,D3,30,00,FE,04,16,0F,18,05,08,09,48,4F,52,4E,45,54,35
16:04:38.613 -> -75, 02,01,06,07,16,09,18,D3,30,00,FE,04,16,0F,18,05,08,09,48,4F,52,4E,45,54,35
16:04:38.613 -> -75, 02,01,06,07,16,09,18,D3,30,00,FE,04,16,0F,18,05,08,09,48,4F,52,4E,45,54,35
16:04:38.613 -> -74, 02,01,06,07,16,09,18,D3,30,00,FE,04,16,0F,18,05,08,09,48,4F,52,4E,45,54,35
16:04:38.613 -> -75, 02,01,06,07,16,09,18,D3,30,00,FE,04,16,0F,18,05,08,09,48,4F,52,4E,45,54,35
16:04:38.659 -> -75, 02,01,06,07,16,09,18,D3,30,00,FE,04,16,0F,18,05,08,09,48,4F,52,4E,45,54,35
16:04:38.659 -> -75, 02,01,06,07,16,09,18,D3,30,00,FE,04,16,0F,18,05,08,09,48,4F,52,4E,45,54,35
16:04:38.706 -> -74, 02,01,06,07,16,09,18,D3,30,00,FE,04,16,0F,18,05,08,09,48,4F,52,4E,45,54,35
16:04:38.706 -> -74, 02,01,06,07,16,09,18,D3,30,00,FE,04,16,0F,18,05,08,09,48,4F,52,4E,45,54,35
16:04:38.706 -> -75, 02,01,06,07,16,09,18,D3,30,00,FE,04,16,0F,18,05,08,09,48,4F,52,4E,45,54,35
16:04:38.755 -> -74, 02,01,06,07,16,09,18,D3,30,00,FE,04,16,0F,18,05,08,09,48,4F,52,4E,45,54,35
16:04:38.755 -> -74, 02,01,06,07,16,09,18,D3,30,00,FE,04,16,0F,18,05,08,09,48,4F,52,4E,45,54,35
16:04:38.802 -> -74, 02,01,06,07,16,09,18,D3,30,00,FE,04,16,0F,18,05,08,09,48,4F,52,4E,45,54,35
16:04:38.802 -> -74, 02,01,06,07,16,09,18,D3,30,00,FE,04,16,0F,18,05,08,09,48,4F,52,4E,45,54,35
16:04:38.802 -> -75, 02,01,06,07,16,09,18,D3,30,00,FE,04,16,0F,18,05,08,09,48,4F,52,4E,45,54,35
16:04:38.848 -> -75, 02,01,06,07,16,09,18,D3,30,00,FE,04,16,0F,18,05,08,09,48,4F,52,4E,45,54,35
16:04:38.895 -> -74, 02,01,06,07,16,09,18,D3,30,00,FE,04,16,0F,18,05,08,09,48,4F,52,4E,45,54,35
16:04:38.895 -> -75, 02,01,06,07,16,09,18,D3,30,00,FE,04,16,0F,18,05,08,09,48,4F,52,4E,45,54,35
16:04:38.895 -> -75, 02,01,06,07,16,09,18,D3,30,00,FE,04,16,0F,18,05,08,09,48,4F,52,4E,45,54,35
16:04:38.895 -> -75, 02,01,06,07,16,09,18,D3,30,00,FE,04,16,0F,18,05,08,09,48,4F,52,4E,45,54,35
16:04:38.941 -> -74, 02,01,06,07,16,09,18,D3,30,00,FE,04,16,0F,18,05,08,09,48,4F,52,4E,45,54,35
16:04:38.941 -> -75, 02,01,06,07,16,09,18,D3,30,00,FE,04,16,0F,18,05,08,09,48,4F,52,4E,45,54,35
16:04:38.941 -> -75, 02,01,06,07,16,09,18,D3,30,00,FE,04,16,0F,18,05,08,09,48,4F,52,4E,45,54,35
16:04:38.989 -> -75, 02,01,06,07,16,09,18,D3,30,00,FE,04,16,0F,18,05,08,09,48,4F,52,4E,45,54,35
16:04:38.989 -> -74, 02,01,06,07,16,09,18,D3,30,00,FE,04,16,0F,18,05,08,09,48,4F,52,4E,45,54,35
16:04:39.035 -> -74, 02,01,06,07,16,09,18,D3,30,00,FE,04,16,0F,18,05,08,09,48,4F,52,4E,45,54,35
16:04:39.035 -> -74, 02,01,06,07,16,09,18,D3,30,00,FE,04,16,0F,18,05,08,09,48,4F,52,4E,45,54,35
16:04:39.035 -> -74, 02,01,06,07,16,09,18,D3,30,00,FE,04,16,0F,18,05,08,09,48,4F,52,4E,45,54,35
16:04:39.035 -> -74, 02,01,06,07,16,09,18,D3,30,00,FE,04,16,0F,18,05,08,09,48,4F,52,4E,45,54,35
16:04:39.082 -> -74, 02,01,06,07,16,09,18,D3,30,00,FE,04,16,0F,18,05,08,09,48,4F,52,4E,45,54,35
16:04:39.082 -> -74, 02,01,06,07,16,09,18,D3,30,00,FE,04,16,0F,18,05,08,09,48,4F,52,4E,45,54,35
16:04:39.128 -> -74, 02,01,06,07,16,09,18,D3,30,00,FE,04,16,0F,18,05,08,09,48,4F,52,4E,45,54,35
16:04:39.128 -> -74, 02,01,06,07,16,09,18,D3,30,00,FE,04,16,0F,18,05,08,09,48,4F,52,4E,45,54,35
16:04:39.128 -> -74, 02,01,06,07,16,09,18,D3,30,00,FE,04,16,0F,18,05,08,09,48,4F,52,4E,45,54,35
16:04:39.176 -> -74, 02,01,06,07,16,09,18,D3,30,00,FE,04,16,0F,18,05,08,09,48,4F,52,4E,45,54,35
16:04:39.223 -> -74, 02,01,06,07,16,09,18,D3,30,00,FE,04,16,0F,18,05,08,09,48,4F,52,4E,45,54,35
16:04:39.270 -> -75, 02,01,06,07,16,09,18,D3,30,00,FE,04,16,0F,18,05,08,09,48,4F,52,4E,45,54,35
16:04:39.270 -> -74, 02,01,06,07,16,09,18,D3,30,00,FE,04,16,0F,18,05,08,09,48,4F,52,4E,45,54,35
16:04:39.317 -> -74, 02,01,06,07,16,09,18,D3,30,00,FE,04,16,0F,18,05,08,09,48,4F,52,4E,45,54,35
16:04:39.317 -> -74, 02,01,06,07,16,09,18,D3,30,00,FE,04,16,0F,18,05,08,09,48,4F,52,4E,45,54,35
16:04:39.364 -> -74, 02,01,06,07,16,09,18,D3,30,00,FE,04,16,0F,18,05,08,09,48,4F,52,4E,45,54,35
16:04:39.364 -> -74, 02,01,06,07,16,09,18,D3,30,00,FE,04,16,0F,18,05,08,09,48,4F,52,4E,45,54,35
16:04:39.364 -> -74, 02,01,06,07,16,09,18,D3,30,00,FE,04,16,0F,18,05,08,09,48,4F,52,4E,45,54,35
16:04:39.411 -> -74, 02,01,06,07,16,09,18,D3,30,00,FE,04,16,0F,18,05,08,09,48,4F,52,4E,45,54,35
16:04:39.411 -> -74, 02,01,06,07,16,09,18,D3,30,00,FE,04,16,0F,18,05,08,09,48,4F,52,4E,45,54,35
16:04:39.411 -> -74, 02,01,06,07,16,09,18,D3,30,00,FE,04,16,0F,18,05,08,09,48,4F,52,4E,45,54,35
16:04:39.458 -> -80, 02,01,06,07,16,09,18,D3,30,00,FE,04,16,0F,18,05,08,09,48,4F,52,4E,45,54,35
16:04:39.458 -> -79, 02,01,06,07,16,09,18,D3,30,00,FE,04,16,0F,18,05,08,09,48,4F,52,4E,45,54,35
16:04:39.504 -> -79, 02,01,06,07,16,09,18,D3,30,00,FE,04,16,0F,18,05,08,09,48,4F,52,4E,45,54,35
16:04:39.504 -> -79, 02,01,06,07,16,09,18,D3,30,00,FE,04,16,0F,18,05,08,09,48,4F,52,4E,45,54,35
16:04:39.551 -> -78, 02,01,06,07,16,09,18,D3,30,00,FE,04,16,0F,18,05,08,09,48,4F,52,4E,45,54,35
16:04:39.551 -> -79, 02,01,06,07,16,09,18,D3,30,00,FE,04,16,0F,18,05,08,09,48,4F,52,4E,45,54,35
16:04:39.551 -> -79, 02,01,06,07,16,09,18,D3,30,00,FE,04,16,0F,18,05,08,09,48,4F,52,4E,45,54,35
16:04:39.551 -> -78, 02,01,06,07,16,09,18,D3,30,00,FE,04,16,0F,18,05,08,09,48,4F,52,4E,45,54,35
16:04:39.551 -> -78, 02,01,06,07,16,09,18,D3,30,00,FE,04,16,0F,18,05,08,09,48,4F,52,4E,45,54,35
16:04:39.598 -> -79, 02,01,06,07,16,09,18,D3,30,00,FE,04,16,0F,18,05,08,09,48,4F,52,4E,45,54,35
16:04:39.598 -> -78, 02,01,06,07,16,09,18,D3,30,00,FE,04,16,0F,18,05,08,09,48,4F,52,4E,45,54,35
16:04:39.598 -> -78, 02,01,06,07,16,09,18,D3,30,00,FE,04,16,0F,18,05,08,09,48,4F,52,4E,45,54,35
16:04:39.645 -> -79, 02,01,06,07,16,09,18,D3,30,00,FE,04,16,0F,18,05,08,09,48,4F,52,4E,45,54,35
16:04:39.645 -> -79, 02,01,06,07,16,09,18,D3,30,00,FE,04,16,0F,18,05,08,09,48,4F,52,4E,45,54,35
16:04:39.692 -> -79, 02,01,06,07,16,09,18,D3,30,00,FE,04,16,0F,18,05,08,09,48,4F,52,4E,45,54,35
16:04:39.692 -> -79, 02,01,06,07,16,09,18,D3,30,00,FE,04,16,0F,18,05,08,09,48,4F,52,4E,45,54,35
16:04:39.692 -> -78, 02,01,06,07,16,09,18,D3,30,00,FE,04,16,0F,18,05,08,09,48,4F,52,4E,45,54,35
16:04:39.737 -> -78, 02,01,06,07,16,09,18,D3,30,00,FE,04,16,0F,18,05,08,09,48,4F,52,4E,45,54,35
16:04:39.783 -> -78, 02,01,06,07,16,09,18,D3,30,00,FE,04,16,0F,18,05,08,09,48,4F,52,4E,45,54,35
16:04:39.783 -> -78, 02,01,06,07,16,09,18,D3,30,00,FE,04,16,0F,18,05,08,09,48,4F,52,4E,45,54,35
16:04:39.831 -> -78, 02,01,06,07,16,09,18,D3,30,00,FE,04,16,0F,18,05,08,09,48,4F,52,4E,45,54,35
16:04:39.831 -> -78, 02,01,06,07,16,09,18,D3,30,00,FE,04,16,0F,18,05,08,09,48,4F,52,4E,45,54,35
16:04:39.831 -> -78, 02,01,06,07,16,09,18,D3,30,00,FE,04,16,0F,18,05,08,09,48,4F,52,4E,45,54,35
16:04:39.831 -> -78, 02,01,06,07,16,09,18,D3,30,00,FE,04,16,0F,18,05,08,09,48,4F,52,4E,45,54,35
16:04:39.878 -> -78, 02,01,06,07,16,09,18,D3,30,00,FE,04,16,0F,18,05,08,09,48,4F,52,4E,45,54,35
16:04:39.878 -> -78, 02,01,06,07,16,09,18,D3,30,00,FE,04,16,0F,18,05,08,09,48,4F,52,4E,45,54,35
16:04:39.925 -> -78, 02,01,06,07,16,09,18,D3,30,00,FE,04,16,0F,18,05,08,09,48,4F,52,4E,45,54,35
16:04:39.925 -> -78, 02,01,06,07,16,09,18,D3,30,00,FE,04,16,0F,18,05,08,09,48,4F,52,4E,45,54,35
16:04:39.925 -> -78, 02,01,06,07,16,09,18,D3,30,00,FE,04,16,0F,18,05,08,09,48,4F,52,4E,45,54,35
16:04:39.969 -> -74, 02,01,06,07,16,09,18,D3,30,00,FE,04,16,0F,18,05,08,09,48,4F,52,4E,45,54,35
16:04:39.969 -> -74, 02,01,06,07,16,09,18,D3,30,00,FE,04,16,0F,18,05,08,09,48,4F,52,4E,45,54,35
16:04:39.969 -> -74, 02,01,06,07,16,09,18,D3,30,00,FE,04,16,0F,18,05,08,09,48,4F,52,4E,45,54,35
16:04:39.969 -> -74, 02,01,06,07,16,09,18,D3,30,00,FE,04,16,0F,18,05,08,09,48,4F,52,4E,45,54,35
16:04:40.017 -> -74, 02,01,06,07,16,09,18,D3,30,00,FE,04,16,0F,18,05,08,09,48,4F,52,4E,45,54,35
16:04:40.017 -> -74, 02,01,06,07,16,09,18,D3,30,00,FE,04,16,0F,18,05,08,09,48,4F,52,4E,45,54,35
16:04:40.017 -> -75, 02,01,06,07,16,09,18,D3,30,00,FE,04,16,0F,18,05,08,09,48,4F,52,4E,45,54,35
16:04:40.063 -> -74, 02,01,06,07,16,09,18,D3,30,00,FE,04,16,0F,18,05,08,09,48,4F,52,4E,45,54,35
16:04:40.063 -> -74, 02,01,06,07,16,09,18,D3,30,00,FE,04,16,0F,18,05,08,09,48,4F,52,4E,45,54,35
16:04:40.063 -> -74, 02,01,06,07,16,09,18,D3,30,00,FE,04,16,0F,18,05,08,09,48,4F,52,4E,45,54,35
16:04:40.110 -> -74, 02,01,06,07,16,09,18,D3,30,00,FE,04,16,0F,18,05,08,09,48,4F,52,4E,45,54,35
16:04:40.110 -> -75, 02,01,06,07,16,09,18,D3,30,00,FE,04,16,0F,18,05,08,09,48,4F,52,4E,45,54,35
16:04:40.110 -> -75, 02,01,06,07,16,09,18,D3,30,00,FE,04,16,0F,18,05,08,09,48,4F,52,4E,45,54,35
16:04:40.158 -> -74, 02,01,06,07,16,09,18,D3,30,00,FE,04,16,0F,18,05,08,09,48,4F,52,4E,45,54,35
16:04:40.158 -> -75, 02,01,06,07,16,09,18,D3,30,00,FE,04,16,0F,18,05,08,09,48,4F,52,4E,45,54,35
16:04:40.158 -> -74, 02,01,06,07,16,09,18,D3,30,00,FE,04,16,0F,18,05,08,09,48,4F,52,4E,45,54,35
16:04:40.204 -> -75, 02,01,06,07,16,09,18,D3,30,00,FE,04,16,0F,18,05,08,09,48,4F,52,4E,45,54,35
16:04:40.204 -> -75, 02,01,06,07,16,09,18,D3,30,00,FE,04,16,0F,18,05,08,09,48,4F,52,4E,45,54,35
16:04:40.204 -> -74, 02,01,06,07,16,09,18,D3,30,00,FE,04,16,0F,18,05,08,09,48,4F,52,4E,45,54,35
16:04:40.204 -> -75, 02,01,06,07,16,09,18,D3,30,00,FE,04,16,0F,18,05,08,09,48,4F,52,4E,45,54,35
16:04:40.251 -> -74, 02,01,06,07,16,09,18,D3,30,00,FE,04,16,0F,18,05,08,09,48,4F,52,4E,45,54,35
16:04:40.251 -> -75, 02,01,06,07,16,09,18,D3,30,00,FE,04,16,0F,18,05,08,09,48,4F,52,4E,45,54,35
16:04:40.251 -> -74, 02,01,06,07,16,09,18,D3,30,00,FE,04,16,0F,18,05,08,09,48,4F,52,4E,45,54,35
16:04:40.298 -> -74, 02,01,06,07,16,09,18,D3,30,00,FE,04,16,0F,18,05,08,09,48,4F,52,4E,45,54,35
16:04:40.298 -> -74, 02,01,06,07,16,09,18,D3,30,00,FE,04,16,0F,18,05,08,09,48,4F,52,4E,45,54,35
16:04:40.298 -> -75, 02,01,06,07,16,09,18,D3,30,00,FE,04,16,0F,18,05,08,09,48,4F,52,4E,45,54,35
16:04:40.298 -> -74, 02,01,06,07,16,09,18,D3,30,00,FE,04,16,0F,18,05,08,09,48,4F,52,4E,45,54,35
16:04:40.298 -> -74, 02,01,06,07,16,09,18,D3,30,00,FE,04,16,0F,18,05,08,09,48,4F,52,4E,45,54,35
16:04:40.344 -> -74, 02,01,06,07,16,09,18,D3,30,00,FE,04,16,0F,18,05,08,09,48,4F,52,4E,45,54,35
16:04:40.344 -> -74, 02,01,06,07,16,09,18,D3,30,00,FE,04,16,0F,18,05,08,09,48,4F,52,4E,45,54,35
16:04:40.391 -> -74, 02,01,06,07,16,09,18,D3,30,00,FE,04,16,0F,18,05,08,09,48,4F,52,4E,45,54,35
16:04:40.391 -> -74, 02,01,06,07,16,09,18,D3,30,00,FE,04,16,0F,18,05,08,09,48,4F,52,4E,45,54,35
16:04:40.391 -> -74, 02,01,06,07,16,09,18,D3,30,00,FE,04,16,0F,18,05,08,09,48,4F,52,4E,45,54,35
16:04:40.391 -> -74, 02,01,06,07,16,09,18,D3,30,00,FE,04,16,0F,18,05,08,09,48,4F,52,4E,45,54,35
16:04:40.437 -> -74, 02,01,06,07,16,09,18,D3,30,00,FE,04,16,0F,18,05,08,09,48,4F,52,4E,45,54,35
16:04:40.437 -> -74, 02,01,06,07,16,09,18,D3,30,00,FE,04,16,0F,18,05,08,09,48,4F,52,4E,45,54,35
16:04:40.484 -> -75, 02,01,06,07,16,09,18,D3,30,00,FE,04,16,0F,18,05,08,09,48,4F,52,4E,45,54,35
16:04:40.484 -> -76, 02,01,06,07,16,09,18,D3,30,00,FE,04,16,0F,18,05,08,09,48,4F,52,4E,45,54,35
16:04:40.484 -> -75, 02,01,06,07,16,09,18,D3,30,00,FE,04,16,0F,18,05,08,09,48,4F,52,4E,45,54,35
16:04:40.531 -> -75, 02,01,06,07,16,09,18,D3,30,00,FE,04,16,0F,18,05,08,09,48,4F,52,4E,45,54,35
16:04:40.578 -> -75, 02,01,06,07,16,09,18,D3,30,00,FE,04,16,0F,18,05,08,09,48,4F,52,4E,45,54,35
16:04:40.624 -> -76, 02,01,06,07,16,09,18,D3,30,00,FE,04,16,0F,18,05,08,09,48,4F,52,4E,45,54,35
16:04:40.624 -> -75, 02,01,06,07,16,09,18,D3,30,00,FE,04,16,0F,18,05,08,09,48,4F,52,4E,45,54,35
16:04:40.624 -> -75, 02,01,06,07,16,09,18,D3,30,00,FE,04,16,0F,18,05,08,09,48,4F,52,4E,45,54,35
16:04:40.671 -> -75, 02,01,06,07,16,09,18,D3,30,00,FE,04,16,0F,18,05,08,09,48,4F,52,4E,45,54,35
16:04:40.671 -> -75, 02,01,06,07,16,09,18,D3,30,00,FE,04,16,0F,18,05,08,09,48,4F,52,4E,45,54,35
16:04:40.720 -> -75, 02,01,06,07,16,09,18,D3,30,00,FE,04,16,0F,18,05,08,09,48,4F,52,4E,45,54,35
16:04:40.765 -> -75, 02,01,06,07,16,09,18,D3,30,00,FE,04,16,0F,18,05,08,09,48,4F,52,4E,45,54,35
16:04:40.765 -> -74, 02,01,06,07,16,09,18,D3,30,00,FE,04,16,0F,18,05,08,09,48,4F,52,4E,45,54,35
16:04:40.765 -> -75, 02,01,06,07,16,09,18,D3,30,00,FE,04,16,0F,18,05,08,09,48,4F,52,4E,45,54,35
16:04:40.812 -> -75, 02,01,06,07,16,09,18,D3,30,00,FE,04,16,0F,18,05,08,09,48,4F,52,4E,45,54,35
16:04:40.812 -> -75, 02,01,06,07,16,09,18,D3,30,00,FE,04,16,0F,18,05,08,09,48,4F,52,4E,45,54,35
16:04:40.858 -> -75, 02,01,06,07,16,09,18,D3,30,00,FE,04,16,0F,18,05,08,09,48,4F,52,4E,45,54,35
16:04:40.858 -> -74, 02,01,06,07,16,09,18,D3,30,00,FE,04,16,0F,18,05,08,09,48,4F,52,4E,45,54,35
16:04:40.858 -> -75, 02,01,06,07,16,09,18,D3,30,00,FE,04,16,0F,18,05,08,09,48,4F,52,4E,45,54,35
16:04:40.904 -> -75, 02,01,06,07,16,09,18,D3,30,00,FE,04,16,0F,18,05,08,09,48,4F,52,4E,45,54,35
16:04:40.904 -> -75, 02,01,06,07,16,09,18,D3,30,00,FE,04,16,0F,18,05,08,09,48,4F,52,4E,45,54,35
16:04:40.952 -> -75, 02,01,06,07,16,09,18,D3,30,00,FE,04,16,0F,18,05,08,09,48,4F,52,4E,45,54,35
16:04:40.952 -> -77, 02,01,06,07,16,09,18,D3,30,00,FE,04,16,0F,18,05,08,09,48,4F,52,4E,45,54,35
16:04:40.952 -> -77, 02,01,06,07,16,09,18,D3,30,00,FE,04,16,0F,18,05,08,09,48,4F,52,4E,45,54,35
16:04:40.999 -> -77, 02,01,06,07,16,09,18,D3,30,00,FE,04,16,0F,18,05,08,09,48,4F,52,4E,45,54,35
16:04:40.999 -> -76, 02,01,06,07,16,09,18,D3,30,00,FE,04,16,0F,18,05,08,09,48,4F,52,4E,45,54,35
16:04:40.999 -> -77, 02,01,06,07,16,09,18,D3,30,00,FE,04,16,0F,18,05,08,09,48,4F,52,4E,45,54,35
16:04:40.999 -> -77, 02,01,06,07,16,09,18,D3,30,00,FE,04,16,0F,18,05,08,09,48,4F,52,4E,45,54,35
16:04:41.045 -> -77, 02,01,06,07,16,09,18,D3,30,00,FE,04,16,0F,18,05,08,09,48,4F,52,4E,45,54,35
16:04:41.045 -> -77, 02,01,06,07,16,09,18,D3,30,00,FE,04,16,0F,18,05,08,09,48,4F,52,4E,45,54,35
16:04:41.045 -> -77, 02,01,06,07,16,09,18,D3,30,00,FE,04,16,0F,18,05,08,09,48,4F,52,4E,45,54,35
16:04:41.045 -> -77, 02,01,06,07,16,09,18,D3,30,00,FE,04,16,0F,18,05,08,09,48,4F,52,4E,45,54,35
16:04:41.045 -> -77, 02,01,06,07,16,09,18,D3,30,00,FE,04,16,0F,18,05,08,09,48,4F,52,4E,45,54,35
16:04:41.092 -> -77, 02,01,06,07,16,09,18,D3,30,00,FE,04,16,0F,18,05,08,09,48,4F,52,4E,45,54,35
16:04:41.092 -> -77, 02,01,06,07,16,09,18,D3,30,00,FE,04,16,0F,18,05,08,09,48,4F,52,4E,45,54,35
16:04:41.092 -> -77, 02,01,06,07,16,09,18,D3,30,00,FE,04,16,0F,18,05,08,09,48,4F,52,4E,45,54,35
16:04:41.092 -> -77, 02,01,06,07,16,09,18,D3,30,00,FE,04,16,0F,18,05,08,09,48,4F,52,4E,45,54,35
16:04:41.139 -> -77, 02,01,06,07,16,09,18,D3,30,00,FE,04,16,0F,18,05,08,09,48,4F,52,4E,45,54,35
16:04:41.139 -> -77, 02,01,06,07,16,09,18,D3,30,00,FE,04,16,0F,18,05,08,09,48,4F,52,4E,45,54,35
16:04:41.139 -> -77, 02,01,06,07,16,09,18,D3,30,00,FE,04,16,0F,18,05,08,09,48,4F,52,4E,45,54,35
16:04:41.186 -> -77, 02,01,06,07,16,09,18,D3,30,00,FE,04,16,0F,18,05,08,09,48,4F,52,4E,45,54,35
16:04:41.186 -> -77, 02,01,06,07,16,09,18,D3,30,00,FE,04,16,0F,18,05,08,09,48,4F,52,4E,45,54,35
16:04:41.186 -> -77, 02,01,06,07,16,09,18,D3,30,00,FE,04,16,0F,18,05,08,09,48,4F,52,4E,45,54,35
16:04:41.186 -> -77, 02,01,06,07,16,09,18,D3,30,00,FE,04,16,0F,18,05,08,09,48,4F,52,4E,45,54,35
16:04:41.233 -> -77, 02,01,06,07,16,09,18,D3,30,00,FE,04,16,0F,18,05,08,09,48,4F,52,4E,45,54,35
16:04:41.233 -> -77, 02,01,06,07,16,09,18,D3,30,00,FE,04,16,0F,18,05,08,09,48,4F,52,4E,45,54,35
16:04:41.233 -> -77, 02,01,06,07,16,09,18,D3,30,00,FE,04,16,0F,18,05,08,09,48,4F,52,4E,45,54,35
16:04:41.281 -> -77, 02,01,06,07,16,09,18,D3,30,00,FE,04,16,0F,18,05,08,09,48,4F,52,4E,45,54,35
16:04:41.281 -> -77, 02,01,06,07,16,09,18,D3,30,00,FE,04,16,0F,18,05,08,09,48,4F,52,4E,45,54,35
16:04:41.281 -> -77, 02,01,06,07,16,09,18,D3,30,00,FE,04,16,0F,18,05,08,09,48,4F,52,4E,45,54,35
16:04:41.281 -> -77, 02,01,06,07,16,09,18,D3,30,00,FE,04,16,0F,18,05,08,09,48,4F,52,4E,45,54,35
16:04:41.328 -> -77, 02,01,06,07,16,09,18,D3,30,00,FE,04,16,0F,18,05,08,09,48,4F,52,4E,45,54,35
16:04:41.328 -> -77, 02,01,06,07,16,09,18,D3,30,00,FE,04,16,0F,18,05,08,09,48,4F,52,4E,45,54,35
16:04:41.328 -> -77, 02,01,06,07,16,09,18,D3,30,00,FE,04,16,0F,18,05,08,09,48,4F,52,4E,45,54,35
16:04:41.373 -> -77, 02,01,06,07,16,09,18,D3,30,00,FE,04,16,0F,18,05,08,09,48,4F,52,4E,45,54,35
16:04:41.373 -> -77, 02,01,06,07,16,09,18,D3,30,00,FE,04,16,0F,18,05,08,09,48,4F,52,4E,45,54,35
16:04:41.373 -> -76, 02,01,06,07,16,09,18,D3,30,00,FE,04,16,0F,18,05,08,09,48,4F,52,4E,45,54,35
16:04:41.373 -> -77, 02,01,06,07,16,09,18,D3,30,00,FE,04,16,0F,18,05,08,09,48,4F,52,4E,45,54,35
16:04:41.421 -> -77, 02,01,06,07,16,09,18,D3,30,00,FE,04,16,0F,18,05,08,09,48,4F,52,4E,45,54,35
16:04:41.421 -> -77, 02,01,06,07,16,09,18,D3,30,00,FE,04,16,0F,18,05,08,09,48,4F,52,4E,45,54,35
16:04:41.421 -> -78, 02,01,06,07,16,09,18,D3,30,00,FE,04,16,0F,18,05,08,09,48,4F,52,4E,45,54,35
16:04:41.421 -> -77, 02,01,06,07,16,09,18,D3,30,00,FE,04,16,0F,18,05,08,09,48,4F,52,4E,45,54,35
16:04:41.466 -> -74, 02,01,06,07,16,09,18,D3,30,00,FE,04,16,0F,18,05,08,09,48,4F,52,4E,45,54,35
16:04:41.513 -> -74, 02,01,06,07,16,09,18,D3,30,00,FE,04,16,0F,18,05,08,09,48,4F,52,4E,45,54,35
16:04:41.513 -> -74, 02,01,06,07,16,09,18,D3,30,00,FE,04,16,0F,18,05,08,09,48,4F,52,4E,45,54,35
16:04:41.513 -> -74, 02,01,06,07,16,09,18,D3,30,00,FE,04,16,0F,18,05,08,09,48,4F,52,4E,45,54,35
16:04:41.559 -> -74, 02,01,06,07,16,09,18,D3,30,00,FE,04,16,0F,18,05,08,09,48,4F,52,4E,45,54,35
16:04:41.559 -> -74, 02,01,06,07,16,09,18,D3,30,00,FE,04,16,0F,18,05,08,09,48,4F,52,4E,45,54,35
16:04:41.559 -> -74, 02,01,06,07,16,09,18,D3,30,00,FE,04,16,0F,18,05,08,09,48,4F,52,4E,45,54,35
16:04:41.559 -> -74, 02,01,06,07,16,09,18,D3,30,00,FE,04,16,0F,18,05,08,09,48,4F,52,4E,45,54,35
16:04:41.608 -> -74, 02,01,06,07,16,09,18,D3,30,00,FE,04,16,0F,18,05,08,09,48,4F,52,4E,45,54,35
16:04:41.608 -> -73, 02,01,06,07,16,09,18,D3,30,00,FE,04,16,0F,18,05,08,09,48,4F,52,4E,45,54,35
16:04:41.608 -> -74, 02,01,06,07,16,09,18,D3,30,00,FE,04,16,0F,18,05,08,09,48,4F,52,4E,45,54,35
16:04:41.655 -> -74, 02,01,06,07,16,09,18,D3,30,00,FE,04,16,0F,18,05,08,09,48,4F,52,4E,45,54,35
16:04:41.702 -> -74, 02,01,06,07,16,09,18,D3,30,00,FE,04,16,0F,18,05,08,09,48,4F,52,4E,45,54,35
16:04:41.702 -> -74, 02,01,06,07,16,09,18,D3,30,00,FE,04,16,0F,18,05,08,09,48,4F,52,4E,45,54,35
16:04:41.702 -> -74, 02,01,06,07,16,09,18,D3,30,00,FE,04,16,0F,18,05,08,09,48,4F,52,4E,45,54,35
16:04:41.750 -> -74, 02,01,06,07,16,09,18,D3,30,00,FE,04,16,0F,18,05,08,09,48,4F,52,4E,45,54,35
16:04:41.750 -> -74, 02,01,06,07,16,09,18,D3,30,00,FE,04,16,0F,18,05,08,09,48,4F,52,4E,45,54,35
16:04:41.750 -> -74, 02,01,06,07,16,09,18,D3,30,00,FE,04,16,0F,18,05,08,09,48,4F,52,4E,45,54,35
16:04:41.750 -> -74, 02,01,06,07,16,09,18,D3,30,00,FE,04,16,0F,18,05,08,09,48,4F,52,4E,45,54,35
16:04:41.795 -> -74, 02,01,06,07,16,09,18,D3,30,00,FE,04,16,0F,18,05,08,09,48,4F,52,4E,45,54,35
16:04:41.841 -> -74, 02,01,06,07,16,09,18,D3,30,00,FE,04,16,0F,18,05,08,09,48,4F,52,4E,45,54,35
16:04:41.841 -> -74, 02,01,06,07,16,09,18,D3,30,00,FE,04,16,0F,18,05,08,09,48,4F,52,4E,45,54,35
16:04:41.841 -> -74, 02,01,06,07,16,09,18,D3,30,00,FE,04,16,0F,18,05,08,09,48,4F,52,4E,45,54,35
16:04:41.841 -> -75, 02,01,06,07,16,09,18,D3,30,00,FE,04,16,0F,18,05,08,09,48,4F,52,4E,45,54,35
16:04:41.888 -> -74, 02,01,06,07,16,09,18,D3,30,00,FE,04,16,0F,18,05,08,09,48,4F,52,4E,45,54,35
16:04:41.888 -> -74, 02,01,06,07,16,09,18,D3,30,00,FE,04,16,0F,18,05,08,09,48,4F,52,4E,45,54,35
16:04:41.888 -> -75, 02,01,06,07,16,09,18,D3,30,00,FE,04,16,0F,18,05,08,09,48,4F,52,4E,45,54,35
16:04:41.934 -> -74, 02,01,06,07,16,09,18,D3,30,00,FE,04,16,0F,18,05,08,09,48,4F,52,4E,45,54,35
16:04:41.934 -> -74, 02,01,06,07,16,09,18,D3,30,00,FE,04,16,0F,18,05,08,09,48,4F,52,4E,45,54,35
16:04:41.934 -> -75, 02,01,06,07,16,09,18,D3,30,00,FE,04,16,0F,18,05,08,09,48,4F,52,4E,45,54,35
16:04:41.982 -> -74, 02,01,06,07,16,09,18,D3,30,00,FE,04,16,0F,18,05,08,09,48,4F,52,4E,45,54,35
16:04:41.982 -> -75, 02,01,06,07,16,09,18,D3,30,00,FE,04,16,0F,18,05,08,09,48,4F,52,4E,45,54,35
16:04:42.030 -> -75, 02,01,06,07,16,09,18,D3,30,00,FE,04,16,0F,18,05,08,09,48,4F,52,4E,45,54,35
16:04:42.077 -> -75, 02,01,06,07,16,09,18,D3,30,00,FE,04,16,0F,18,05,08,09,48,4F,52,4E,45,54,35
16:04:42.077 -> -75, 02,01,06,07,16,09,18,D3,30,00,FE,04,16,0F,18,05,08,09,48,4F,52,4E,45,54,35
16:04:42.122 -> -74, 02,01,06,07,16,09,18,D3,30,00,FE,04,16,0F,18,05,08,09,48,4F,52,4E,45,54,35
16:04:42.122 -> -75, 02,01,06,07,16,09,18,D3,30,00,FE,04,16,0F,18,05,08,09,48,4F,52,4E,45,54,35
16:04:42.122 -> -74, 02,01,06,07,16,09,18,D3,30,00,FE,04,16,0F,18,05,08,09,48,4F,52,4E,45,54,35
16:04:42.122 -> -75, 02,01,06,07,16,09,18,D3,30,00,FE,04,16,0F,18,05,08,09,48,4F,52,4E,45,54,35
16:04:42.170 -> -75, 02,01,06,07,16,09,18,D3,30,00,FE,04,16,0F,18,05,08,09,48,4F,52,4E,45,54,35
16:04:42.170 -> -74, 02,01,06,07,16,09,18,D3,30,00,FE,04,16,0F,18,05,08,09,48,4F,52,4E,45,54,35
16:04:42.170 -> -75, 02,01,06,07,16,09,18,D3,30,00,FE,04,16,0F,18,05,08,09,48,4F,52,4E,45,54,35
16:04:42.218 -> -75, 02,01,06,07,16,09,18,D3,30,00,FE,04,16,0F,18,05,08,09,48,4F,52,4E,45,54,35
16:04:42.218 -> -75, 02,01,06,07,16,09,18,D3,30,00,FE,04,16,0F,18,05,08,09,48,4F,52,4E,45,54,35
16:04:42.218 -> -75, 02,01,06,07,16,09,18,D3,30,00,FE,04,16,0F,18,05,08,09,48,4F,52,4E,45,54,35
16:04:42.263 -> -75, 02,01,06,07,16,09,18,D3,30,00,FE,04,16,0F,18,05,08,09,48,4F,52,4E,45,54,35
16:04:42.263 -> -74, 02,01,06,07,16,09,18,D3,30,00,FE,04,16,0F,18,05,08,09,48,4F,52,4E,45,54,35
16:04:42.263 -> -74, 02,01,06,07,16,09,18,D3,30,00,FE,04,16,0F,18,05,08,09,48,4F,52,4E,45,54,35
16:04:42.311 -> -75, 02,01,06,07,16,09,18,D3,30,00,FE,04,16,0F,18,05,08,09,48,4F,52,4E,45,54,35
16:04:42.311 -> -74, 02,01,06,07,16,09,18,D3,30,00,FE,04,16,0F,18,05,08,09,48,4F,52,4E,45,54,35
16:04:42.311 -> -75, 02,01,06,07,16,09,18,D3,30,00,FE,04,16,0F,18,05,08,09,48,4F,52,4E,45,54,35
16:04:42.356 -> -75, 02,01,06,07,16,09,18,D3,30,00,FE,04,16,0F,18,05,08,09,48,4F,52,4E,45,54,35
16:04:42.356 -> -75, 02,01,06,07,16,09,18,D3,30,00,FE,04,16,0F,18,05,08,09,48,4F,52,4E,45,54,35
16:04:42.403 -> -74, 02,01,06,07,16,09,18,D3,30,00,FE,04,16,0F,18,05,08,09,48,4F,52,4E,45,54,35
16:04:42.403 -> -75, 02,01,06,07,16,09,18,D3,30,00,FE,04,16,0F,18,05,08,09,48,4F,52,4E,45,54,35
16:04:42.403 -> -75, 02,01,06,07,16,09,18,D3,30,00,FE,04,16,0F,18,05,08,09,48,4F,52,4E,45,54,35
16:04:42.449 -> -78, 02,01,06,07,16,09,18,D3,30,00,FE,04,16,0F,18,05,08,09,48,4F,52,4E,45,54,35
16:04:42.449 -> -79, 02,01,06,07,16,09,18,D3,30,00,FE,04,16,0F,18,05,08,09,48,4F,52,4E,45,54,35
16:04:42.497 -> -78, 02,01,06,07,16,09,18,D3,30,00,FE,04,16,0F,18,05,08,09,48,4F,52,4E,45,54,35
16:04:42.497 -> -78, 02,01,06,07,16,09,18,D3,30,00,FE,04,16,0F,18,05,08,09,48,4F,52,4E,45,54,35
16:04:42.497 -> -78, 02,01,06,07,16,09,18,D3,30,00,FE,04,16,0F,18,05,08,09,48,4F,52,4E,45,54,35
16:04:42.542 -> -78, 02,01,06,07,16,09,18,D3,30,00,FE,04,16,0F,18,05,08,09,48,4F,52,4E,45,54,35
16:04:42.542 -> -77, 02,01,06,07,16,09,18,D3,30,00,FE,04,16,0F,18,05,08,09,48,4F,52,4E,45,54,35
16:04:42.542 -> -78, 02,01,06,07,16,09,18,D3,30,00,FE,04,16,0F,18,05,08,09,48,4F,52,4E,45,54,35
16:04:42.542 -> -78, 02,01,06,07,16,09,18,D3,30,00,FE,04,16,0F,18,05,08,09,48,4F,52,4E,45,54,35
16:04:42.589 -> -78, 02,01,06,07,16,09,18,D3,30,00,FE,04,16,0F,18,05,08,09,48,4F,52,4E,45,54,35
16:04:42.589 -> -78, 02,01,06,07,16,09,18,D3,30,00,FE,04,16,0F,18,05,08,09,48,4F,52,4E,45,54,35
16:04:42.589 -> -78, 02,01,06,07,16,09,18,D3,30,00,FE,04,16,0F,18,05,08,09,48,4F,52,4E,45,54,35
16:04:42.589 -> -78, 02,01,06,07,16,09,18,D3,30,00,FE,04,16,0F,18,05,08,09,48,4F,52,4E,45,54,35
16:04:42.636 -> -78, 02,01,06,07,16,09,18,D3,30,00,FE,04,16,0F,18,05,08,09,48,4F,52,4E,45,54,35
16:04:42.636 -> -78, 02,01,06,07,16,09,18,D3,30,00,FE,04,16,0F,18,05,08,09,48,4F,52,4E,45,54,35
16:04:42.636 -> -78, 02,01,06,07,16,09,18,D3,30,00,FE,04,16,0F,18,05,08,09,48,4F,52,4E,45,54,35
16:04:42.683 -> -79, 02,01,06,07,16,09,18,D3,30,00,FE,04,16,0F,18,05,08,09,48,4F,52,4E,45,54,35
16:04:42.683 -> -78, 02,01,06,07,16,09,18,D3,30,00,FE,04,16,0F,18,05,08,09,48,4F,52,4E,45,54,35
16:04:42.683 -> -77, 02,01,06,07,16,09,18,D3,30,00,FE,04,16,0F,18,05,08,09,48,4F,52,4E,45,54,35
16:04:42.683 -> -78, 02,01,06,07,16,09,18,D3,30,00,FE,04,16,0F,18,05,08,09,48,4F,52,4E,45,54,35
16:04:42.731 -> -78, 02,01,06,07,16,09,18,D3,30,00,FE,04,16,0F,18,05,08,09,48,4F,52,4E,45,54,35
16:04:42.731 -> -78, 02,01,06,07,16,09,18,D3,30,00,FE,04,16,0F,18,05,08,09,48,4F,52,4E,45,54,35
16:04:42.731 -> -77, 02,01,06,07,16,09,18,D3,30,00,FE,04,16,0F,18,05,08,09,48,4F,52,4E,45,54,35
16:04:42.731 -> -78, 02,01,06,07,16,09,18,D3,30,00,FE,04,16,0F,18,05,08,09,48,4F,52,4E,45,54,35
16:04:42.778 -> -78, 02,01,06,07,16,09,18,D3,30,00,FE,04,16,0F,18,05,08,09,48,4F,52,4E,45,54,35
16:04:42.778 -> -78, 02,01,06,07,16,09,18,D3,30,00,FE,04,16,0F,18,05,08,09,48,4F,52,4E,45,54,35
16:04:42.778 -> -78, 02,01,06,07,16,09,18,D3,30,00,FE,04,16,0F,18,05,08,09,48,4F,52,4E,45,54,35
16:04:42.825 -> -78, 02,01,06,07,16,09,18,D3,30,00,FE,04,16,0F,18,05,08,09,48,4F,52,4E,45,54,35
16:04:42.825 -> -78, 02,01,06,07,16,09,18,D3,30,00,FE,04,16,0F,18,05,08,09,48,4F,52,4E,45,54,35
16:04:42.825 -> -78, 02,01,06,07,16,09,18,D3,30,00,FE,04,16,0F,18,05,08,09,48,4F,52,4E,45,54,35
16:04:42.825 -> -78, 02,01,06,07,16,09,18,D3,30,00,FE,04,16,0F,18,05,08,09,48,4F,52,4E,45,54,35
16:04:42.872 -> -78, 02,01,06,07,16,09,18,D3,30,00,FE,04,16,0F,18,05,08,09,48,4F,52,4E,45,54,35
16:04:42.872 -> -78, 02,01,06,07,16,09,18,D3,30,00,FE,04,16,0F,18,05,08,09,48,4F,52,4E,45,54,35
16:04:42.872 -> -79, 02,01,06,07,16,09,18,D3,30,00,FE,04,16,0F,18,05,08,09,48,4F,52,4E,45,54,35
16:04:42.919 -> -79, 02,01,06,07,16,09,18,D3,30,00,FE,04,16,0F,18,05,08,09,48,4F,52,4E,45,54,35
16:04:42.919 -> -79, 02,01,06,07,16,09,18,D3,30,00,FE,04,16,0F,18,05,08,09,48,4F,52,4E,45,54,35
16:04:42.919 -> -79, 02,01,06,07,16,09,18,D3,30,00,FE,04,16,0F,18,05,08,09,48,4F,52,4E,45,54,35
16:04:42.919 -> -79, 02,01,06,07,16,09,18,D3,30,00,FE,04,16,0F,18,05,08,09,48,4F,52,4E,45,54,35
16:04:42.966 -> -74, 02,01,06,07,16,09,18,D3,30,00,FE,04,16,0F,18,05,08,09,48,4F,52,4E,45,54,35
16:04:42.966 -> -74, 02,01,06,07,16,09,18,D3,30,00,FE,04,16,0F,18,05,08,09,48,4F,52,4E,45,54,35
16:04:42.966 -> -74, 02,01,06,07,16,09,18,D3,30,00,FE,04,16,0F,18,05,08,09,48,4F,52,4E,45,54,35
16:04:42.966 -> -75, 02,01,06,07,16,09,18,D3,30,00,FE,04,16,0F,18,05,08,09,48,4F,52,4E,45,54,35
16:04:43.012 -> -75, 02,01,06,07,16,09,18,D3,30,00,FE,04,16,0F,18,05,08,09,48,4F,52,4E,45,54,35
16:04:43.012 -> -74, 02,01,06,07,16,09,18,D3,30,00,FE,04,16,0F,18,05,08,09,48,4F,52,4E,45,54,35
16:04:43.058 -> -75, 02,01,06,07,16,09,18,D3,30,00,FE,04,16,0F,18,05,08,09,48,4F,52,4E,45,54,35
16:04:43.058 -> -75, 02,01,06,07,16,09,18,D3,30,00,FE,04,16,0F,18,05,08,09,48,4F,52,4E,45,54,35
16:04:43.058 -> -75, 02,01,06,07,16,09,18,D3,30,00,FE,04,16,0F,18,05,08,09,48,4F,52,4E,45,54,35
16:04:43.105 -> -75, 02,01,06,07,16,09,18,D3,30,00,FE,04,16,0F,18,05,08,09,48,4F,52,4E,45,54,35
16:04:43.105 -> -75, 02,01,06,07,16,09,18,D3,30,00,FE,04,16,0F,18,05,08,09,48,4F,52,4E,45,54,35
16:04:43.151 -> -75, 02,01,06,07,16,09,18,D3,30,00,FE,04,16,0F,18,05,08,09,48,4F,52,4E,45,54,35
16:04:43.151 -> -75, 02,01,06,07,16,09,18,D3,30,00,FE,04,16,0F,18,05,08,09,48,4F,52,4E,45,54,35
16:04:43.151 -> -76, 02,01,06,07,16,09,18,D3,30,00,FE,04,16,0F,18,05,08,09,48,4F,52,4E,45,54,35
16:04:43.151 -> -75, 02,01,06,07,16,09,18,D3,30,00,FE,04,16,0F,18,05,08,09,48,4F,52,4E,45,54,35
16:04:43.199 -> -75, 02,01,06,07,16,09,18,D3,30,00,FE,04,16,0F,18,05,08,09,48,4F,52,4E,45,54,35
16:04:43.199 -> -75, 02,01,06,07,16,09,18,D3,30,00,FE,04,16,0F,18,05,08,09,48,4F,52,4E,45,54,35
16:04:43.199 -> -75, 02,01,06,07,16,09,18,D3,30,00,FE,04,16,0F,18,05,08,09,48,4F,52,4E,45,54,35
16:04:43.245 -> -75, 02,01,06,07,16,09,18,D3,30,00,FE,04,16,0F,18,05,08,09,48,4F,52,4E,45,54,35
16:04:43.245 -> -75, 02,01,06,07,16,09,18,D3,30,00,FE,04,16,0F,18,05,08,09,48,4F,52,4E,45,54,35
16:04:43.338 -> -75, 02,01,06,07,16,09,18,D3,30,00,FE,04,16,0F,18,05,08,09,48,4F,52,4E,45,54,35
16:04:43.338 -> -75, 02,01,06,07,16,09,18,D3,30,00,FE,04,16,0F,18,05,08,09,48,4F,52,4E,45,54,35
16:04:43.338 -> -75, 02,01,06,07,16,09,18,D3,30,00,FE,04,16,0F,18,05,08,09,48,4F,52,4E,45,54,35
16:04:43.386 -> -75, 02,01,06,07,16,09,18,D3,30,00,FE,04,16,0F,18,05,08,09,48,4F,52,4E,45,54,35
16:04:43.386 -> -75, 02,01,06,07,16,09,18,D3,30,00,FE,04,16,0F,18,05,08,09,48,4F,52,4E,45,54,35
16:04:43.386 -> -75, 02,01,06,07,16,09,18,D3,30,00,FE,04,16,0F,18,05,08,09,48,4F,52,4E,45,54,35
16:04:43.386 -> -75, 02,01,06,07,16,09,18,D3,30,00,FE,04,16,0F,18,05,08,09,48,4F,52,4E,45,54,35
16:04:43.386 -> -75, 02,01,06,07,16,09,18,D3,30,00,FE,04,16,0F,18,05,08,09,48,4F,52,4E,45,54,35
16:04:43.431 -> -75, 02,01,06,07,16,09,18,D3,30,00,FE,04,16,0F,18,05,08,09,48,4F,52,4E,45,54,35
16:04:43.431 -> -75, 02,01,06,07,16,09,18,D3,30,00,FE,04,16,0F,18,05,08,09,48,4F,52,4E,45,54,35
16:04:43.431 -> -75, 02,01,06,07,16,09,18,D3,30,00,FE,04,16,0F,18,05,08,09,48,4F,52,4E,45,54,35
16:04:43.478 -> -75, 02,01,06,07,16,09,18,D3,30,00,FE,04,16,0F,18,05,08,09,48,4F,52,4E,45,54,35
16:04:43.478 -> -75, 02,01,06,07,16,09,18,D3,30,00,FE,04,16,0F,18,05,08,09,48,4F,52,4E,45,54,35
16:04:43.524 -> -74, 02,01,06,07,16,09,18,D3,30,00,FE,04,16,0F,18,05,08,09,48,4F,52,4E,45,54,35
16:04:43.524 -> -74, 02,01,06,07,16,09,18,D3,30,00,FE,04,16,0F,18,05,08,09,48,4F,52,4E,45,54,35
16:04:43.571 -> -75, 02,01,06,07,16,09,18,D3,30,00,FE,04,16,0F,18,05,08,09,48,4F,52,4E,45,54,35
16:04:43.571 -> -75, 02,01,06,07,16,09,18,D3,30,00,FE,04,16,0F,18,05,08,09,48,4F,52,4E,45,54,35
16:04:43.571 -> -75, 02,01,06,07,16,09,18,D3,30,00,FE,04,16,0F,18,05,08,09,48,4F,52,4E,45,54,35
16:04:43.617 -> -75, 02,01,06,07,16,09,18,D3,30,00,FE,04,16,0F,18,05,08,09,48,4F,52,4E,45,54,35
16:04:43.617 -> -75, 02,01,06,07,16,09,18,D3,30,00,FE,04,16,0F,18,05,08,09,48,4F,52,4E,45,54,35
16:04:43.617 -> -75, 02,01,06,07,16,09,18,D3,30,00,FE,04,16,0F,18,05,08,09,48,4F,52,4E,45,54,35
16:04:43.664 -> -75, 02,01,06,07,16,09,18,D3,30,00,FE,04,16,0F,18,05,08,09,48,4F,52,4E,45,54,35
16:04:43.664 -> -75, 02,01,06,07,16,09,18,D3,30,00,FE,04,16,0F,18,05,08,09,48,4F,52,4E,45,54,35
16:04:43.712 -> -76, 02,01,06,07,16,09,18,D3,30,00,FE,04,16,0F,18,05,08,09,48,4F,52,4E,45,54,35
16:04:43.712 -> -74, 02,01,06,07,16,09,18,D3,30,00,FE,04,16,0F,18,05,08,09,48,4F,52,4E,45,54,35
16:04:43.712 -> -75, 02,01,06,07,16,09,18,D3,30,00,FE,04,16,0F,18,05,08,09,48,4F,52,4E,45,54,35
16:04:43.712 -> -74, 02,01,06,07,16,09,18,D3,30,00,FE,04,16,0F,18,05,08,09,48,4F,52,4E,45,54,35
16:04:43.759 -> -75, 02,01,06,07,16,09,18,D3,30,00,FE,04,16,0F,18,05,08,09,48,4F,52,4E,45,54,35
16:04:43.806 -> -75, 02,01,06,07,16,09,18,D3,30,00,FE,04,16,0F,18,05,08,09,48,4F,52,4E,45,54,35
16:04:43.806 -> -75, 02,01,06,07,16,09,18,D3,30,00,FE,04,16,0F,18,05,08,09,48,4F,52,4E,45,54,35
16:04:43.806 -> -75, 02,01,06,07,16,09,18,D3,30,00,FE,04,16,0F,18,05,08,09,48,4F,52,4E,45,54,35
16:04:43.851 -> -75, 02,01,06,07,16,09,18,D3,30,00,FE,04,16,0F,18,05,08,09,48,4F,52,4E,45,54,35
16:04:43.851 -> -75, 02,01,06,07,16,09,18,D3,30,00,FE,04,16,0F,18,05,08,09,48,4F,52,4E,45,54,35
16:04:43.899 -> -75, 02,01,06,07,16,09,18,D3,30,00,FE,04,16,0F,18,05,08,09,48,4F,52,4E,45,54,35
16:04:43.899 -> -75, 02,01,06,07,16,09,18,D3,30,00,FE,04,16,0F,18,05,08,09,48,4F,52,4E,45,54,35
16:04:43.946 -> -75, 02,01,06,07,16,09,18,D3,30,00,FE,04,16,0F,18,05,08,09,48,4F,52,4E,45,54,35
16:04:43.946 -> -74, 02,01,06,07,16,09,18,D3,30,00,FE,04,16,0F,18,05,08,09,48,4F,52,4E,45,54,35
16:04:43.946 -> -77, 02,01,06,07,16,09,18,D3,30,00,FE,04,16,0F,18,05,08,09,48,4F,52,4E,45,54,35
16:04:43.946 -> -78, 02,01,06,07,16,09,18,D3,30,00,FE,04,16,0F,18,05,08,09,48,4F,52,4E,45,54,35
16:04:43.946 -> -77, 02,01,06,07,16,09,18,D3,30,00,FE,04,16,0F,18,05,08,09,48,4F,52,4E,45,54,35
16:04:43.993 -> -78, 02,01,06,07,16,09,18,D3,30,00,FE,04,16,0F,18,05,08,09,48,4F,52,4E,45,54,35
16:04:43.993 -> -78, 02,01,06,07,16,09,18,D3,30,00,FE,04,16,0F,18,05,08,09,48,4F,52,4E,45,54,35
16:04:43.993 -> -78, 02,01,06,07,16,09,18,D3,30,00,FE,04,16,0F,18,05,08,09,48,4F,52,4E,45,54,35
16:04:44.040 -> -79, 02,01,06,07,16,09,18,D3,30,00,FE,04,16,0F,18,05,08,09,48,4F,52,4E,45,54,35
16:04:44.040 -> -78, 02,01,06,07,16,09,18,D3,30,00,FE,04,16,0F,18,05,08,09,48,4F,52,4E,45,54,35
16:04:44.040 -> -78, 02,01,06,07,16,09,18,D3,30,00,FE,04,16,0F,18,05,08,09,48,4F,52,4E,45,54,35
16:04:44.087 -> -77, 02,01,06,07,16,09,18,D3,30,00,FE,04,16,0F,18,05,08,09,48,4F,52,4E,45,54,35
16:04:44.087 -> -77, 02,01,06,07,16,09,18,D3,30,00,FE,04,16,0F,18,05,08,09,48,4F,52,4E,45,54,35
16:04:44.132 -> -77, 02,01,06,07,16,09,18,D3,30,00,FE,04,16,0F,18,05,08,09,48,4F,52,4E,45,54,35
16:04:44.132 -> -78, 02,01,06,07,16,09,18,D3,30,00,FE,04,16,0F,18,05,08,09,48,4F,52,4E,45,54,35
16:04:44.132 -> -77, 02,01,06,07,16,09,18,D3,30,00,FE,04,16,0F,18,05,08,09,48,4F,52,4E,45,54,35
16:04:44.181 -> -77, 02,01,06,07,16,09,18,D3,30,00,FE,04,16,0F,18,05,08,09,48,4F,52,4E,45,54,35
16:04:44.181 -> -78, 02,01,06,07,16,09,18,D3,30,00,FE,04,16,0F,18,05,08,09,48,4F,52,4E,45,54,35
16:04:44.181 -> -77, 02,01,06,07,16,09,18,D3,30,00,FE,04,16,0F,18,05,08,09,48,4F,52,4E,45,54,35
16:04:44.181 -> -77, 02,01,06,07,16,09,18,D3,30,00,FE,04,16,0F,18,05,08,09,48,4F,52,4E,45,54,35
16:04:44.228 -> -78, 02,01,06,07,16,09,18,D3,30,00,FE,04,16,0F,18,05,08,09,48,4F,52,4E,45,54,35
16:04:44.228 -> -78, 02,01,06,07,16,09,18,D3,30,00,FE,04,16,0F,18,05,08,09,48,4F,52,4E,45,54,35
16:04:44.228 -> -78, 02,01,06,07,16,09,18,D3,30,00,FE,04,16,0F,18,05,08,09,48,4F,52,4E,45,54,35
16:04:44.274 -> -77, 02,01,06,07,16,09,18,D3,30,00,FE,04,16,0F,18,05,08,09,48,4F,52,4E,45,54,35
16:04:44.274 -> -78, 02,01,06,07,16,09,18,D3,30,00,FE,04,16,0F,18,05,08,09,48,4F,52,4E,45,54,35
16:04:44.274 -> -77, 02,01,06,07,16,09,18,D3,30,00,FE,04,16,0F,18,05,08,09,48,4F,52,4E,45,54,35
16:04:44.274 -> -78, 02,01,06,07,16,09,18,D3,30,00,FE,04,16,0F,18,05,08,09,48,4F,52,4E,45,54,35
16:04:44.322 -> -77, 02,01,06,07,16,09,18,D3,30,00,FE,04,16,0F,18,05,08,09,48,4F,52,4E,45,54,35
16:04:44.322 -> -77, 02,01,06,07,16,09,18,D3,30,00,FE,04,16,0F,18,05,08,09,48,4F,52,4E,45,54,35
16:04:44.322 -> -77, 02,01,06,07,16,09,18,D3,30,00,FE,04,16,0F,18,05,08,09,48,4F,52,4E,45,54,35
16:04:44.322 -> -77, 02,01,06,07,16,09,18,D3,30,00,FE,04,16,0F,18,05,08,09,48,4F,52,4E,45,54,35
16:04:44.369 -> -77, 02,01,06,07,16,09,18,D3,30,00,FE,04,16,0F,18,05,08,09,48,4F,52,4E,45,54,35
16:04:44.369 -> -78, 02,01,06,07,16,09,18,D3,30,00,FE,04,16,0F,18,05,08,09,48,4F,52,4E,45,54,35
16:04:44.369 -> -77, 02,01,06,07,16,09,18,D3,30,00,FE,04,16,0F,18,05,08,09,48,4F,52,4E,45,54,35
16:04:44.369 -> -77, 02,01,06,07,16,09,18,D3,30,00,FE,04,16,0F,18,05,08,09,48,4F,52,4E,45,54,35
16:04:44.415 -> -77, 02,01,06,07,16,09,18,D3,30,00,FE,04,16,0F,18,05,08,09,48,4F,52,4E,45,54,35
16:04:44.415 -> -77, 02,01,06,07,16,09,18,D3,30,00,FE,04,16,0F,18,05,08,09,48,4F,52,4E,45,54,35
16:04:44.415 -> -77, 02,01,06,07,16,09,18,D3,30,00,FE,04,16,0F,18,05,08,09,48,4F,52,4E,45,54,35
16:04:44.415 -> -77, 02,01,06,07,16,09,18,D3,30,00,FE,04,16,0F,18,05,08,09,48,4F,52,4E,45,54,35
16:04:44.462 -> -75, 02,01,06,07,16,09,18,D3,30,00,FE,04,16,0F,18,05,08,09,48,4F,52,4E,45,54,35
16:04:44.462 -> -74, 02,01,06,07,16,09,18,D3,30,00,FE,04,16,0F,18,05,08,09,48,4F,52,4E,45,54,35
16:04:44.462 -> -75, 02,01,06,07,16,09,18,D3,30,00,FE,04,16,0F,18,05,08,09,48,4F,52,4E,45,54,35
16:04:44.509 -> -75, 02,01,06,07,16,09,18,D3,30,00,FE,04,16,0F,18,05,08,09,48,4F,52,4E,45,54,35
16:04:44.509 -> -75, 02,01,06,07,16,09,18,D3,30,00,FE,04,16,0F,18,05,08,09,48,4F,52,4E,45,54,35
16:04:44.509 -> -75, 02,01,06,07,16,09,18,D3,30,00,FE,04,16,0F,18,05,08,09,48,4F,52,4E,45,54,35
16:04:44.509 -> -75, 02,01,06,07,16,09,18,D3,30,00,FE,04,16,0F,18,05,08,09,48,4F,52,4E,45,54,35
16:04:44.558 -> -74, 02,01,06,07,16,09,18,D3,30,00,FE,04,16,0F,18,05,08,09,48,4F,52,4E,45,54,35
16:04:44.558 -> -74, 02,01,06,07,16,09,18,D3,30,00,FE,04,16,0F,18,05,08,09,48,4F,52,4E,45,54,35
16:04:44.558 -> -75, 02,01,06,07,16,09,18,D3,30,00,FE,04,16,0F,18,05,08,09,48,4F,52,4E,45,54,35
16:04:44.603 -> -74, 02,01,06,07,16,09,18,D3,30,00,FE,04,16,0F,18,05,08,09,48,4F,52,4E,45,54,35
16:04:44.603 -> -75, 02,01,06,07,16,09,18,D3,30,00,FE,04,16,0F,18,05,08,09,48,4F,52,4E,45,54,35
16:04:44.603 -> -74, 02,01,06,07,16,09,18,D3,30,00,FE,04,16,0F,18,05,08,09,48,4F,52,4E,45,54,35
16:04:44.651 -> -75, 02,01,06,07,16,09,18,D3,30,00,FE,04,16,0F,18,05,08,09,48,4F,52,4E,45,54,35
16:04:44.651 -> -74, 02,01,06,07,16,09,18,D3,30,00,FE,04,16,0F,18,05,08,09,48,4F,52,4E,45,54,35
16:04:44.651 -> -75, 02,01,06,07,16,09,18,D3,30,00,FE,04,16,0F,18,05,08,09,48,4F,52,4E,45,54,35
16:04:44.651 -> -75, 02,01,06,07,16,09,18,D3,30,00,FE,04,16,0F,18,05,08,09,48,4F,52,4E,45,54,35
16:04:44.651 -> -74, 02,01,06,07,16,09,18,D3,30,00,FE,04,16,0F,18,05,08,09,48,4F,52,4E,45,54,35
16:04:44.698 -> -75, 02,01,06,07,16,09,18,D3,30,00,FE,04,16,0F,18,05,08,09,48,4F,52,4E,45,54,35
16:04:44.698 -> -74, 02,01,06,07,16,09,18,D3,30,00,FE,04,16,0F,18,05,08,09,48,4F,52,4E,45,54,35
16:04:44.698 -> -75, 02,01,06,07,16,09,18,D3,30,00,FE,04,16,0F,18,05,08,09,48,4F,52,4E,45,54,35
16:04:44.745 -> -74, 02,01,06,07,16,09,18,D3,30,00,FE,04,16,0F,18,05,08,09,48,4F,52,4E,45,54,35
16:04:44.745 -> -74, 02,01,06,07,16,09,18,D3,30,00,FE,04,16,0F,18,05,08,09,48,4F,52,4E,45,54,35
16:04:44.745 -> -74, 02,01,06,07,16,09,18,D3,30,00,FE,04,16,0F,18,05,08,09,48,4F,52,4E,45,54,35
16:04:44.792 -> -74, 02,01,06,07,16,09,18,D3,30,00,FE,04,16,0F,18,05,08,09,48,4F,52,4E,45,54,35
16:04:44.792 -> -74, 02,01,06,07,16,09,18,D3,30,00,FE,04,16,0F,18,05,08,09,48,4F,52,4E,45,54,35
16:04:44.792 -> -74, 02,01,06,07,16,09,18,D3,30,00,FE,04,16,0F,18,05,08,09,48,4F,52,4E,45,54,35
16:04:44.792 -> -74, 02,01,06,07,16,09,18,D3,30,00,FE,04,16,0F,18,05,08,09,48,4F,52,4E,45,54,35
16:04:44.838 -> -74, 02,01,06,07,16,09,18,D3,30,00,FE,04,16,0F,18,05,08,09,48,4F,52,4E,45,54,35
16:04:44.838 -> -74, 02,01,06,07,16,09,18,D3,30,00,FE,04,16,0F,18,05,08,09,48,4F,52,4E,45,54,35
16:04:44.885 -> -75, 02,01,06,07,16,09,18,D3,30,00,FE,04,16,0F,18,05,08,09,48,4F,52,4E,45,54,35
16:04:44.885 -> -74, 02,01,06,07,16,09,18,D3,30,00,FE,04,16,0F,18,05,08,09,48,4F,52,4E,45,54,35
16:04:44.885 -> -74, 02,01,06,07,16,09,18,D3,30,00,FE,04,16,0F,18,05,08,09,48,4F,52,4E,45,54,35
16:04:44.885 -> -74, 02,01,06,07,16,09,18,D3,30,00,FE,04,16,0F,18,05,08,09,48,4F,52,4E,45,54,35
16:04:44.933 -> -74, 02,01,06,07,16,09,18,D3,30,00,FE,04,16,0F,18,05,08,09,48,4F,52,4E,45,54,35
16:04:44.933 -> -74, 02,01,06,07,16,09,18,D3,30,00,FE,04,16,0F,18,05,08,09,48,4F,52,4E,45,54,35
16:04:44.933 -> -75, 02,01,06,07,16,09,18,D3,30,00,FE,04,16,0F,18,05,08,09,48,4F,52,4E,45,54,35
16:04:44.978 -> -75, 02,01,06,07,16,09,18,D3,30,00,FE,04,16,0F,18,05,08,09,48,4F,52,4E,45,54,35
16:04:45.026 -> -75, 02,01,06,07,16,09,18,D3,30,00,FE,04,16,0F,18,05,08,09,48,4F,52,4E,45,54,35
16:04:45.073 -> -75, 02,01,06,07,16,09,18,D3,30,00,FE,04,16,0F,18,05,08,09,48,4F,52,4E,45,54,35
16:04:45.073 -> -75, 02,01,06,07,16,09,18,D3,30,00,FE,04,16,0F,18,05,08,09,48,4F,52,4E,45,54,35
16:04:45.073 -> -75, 02,01,06,07,16,09,18,D3,30,00,FE,04,16,0F,18,05,08,09,48,4F,52,4E,45,54,35
16:04:45.073 -> -75, 02,01,06,07,16,09,18,D3,30,00,FE,04,16,0F,18,05,08,09,48,4F,52,4E,45,54,35
16:04:45.120 -> -75, 02,01,06,07,16,09,18,D3,30,00,FE,04,16,0F,18,05,08,09,48,4F,52,4E,45,54,35
16:04:45.120 -> -75, 02,01,06,07,16,09,18,D3,30,00,FE,04,16,0F,18,05,08,09,48,4F,52,4E,45,54,35
16:04:45.120 -> -75, 02,01,06,07,16,09,18,D3,30,00,FE,04,16,0F,18,05,08,09,48,4F,52,4E,45,54,35
16:04:45.166 -> -76, 02,01,06,07,16,09,18,D3,30,00,FE,04,16,0F,18,05,08,09,48,4F,52,4E,45,54,35
16:04:45.213 -> -75, 02,01,06,07,16,09,18,D3,30,00,FE,04,16,0F,18,05,08,09,48,4F,52,4E,45,54,35
16:04:45.213 -> -74, 02,01,06,07,16,09,18,D3,30,00,FE,04,16,0F,18,05,08,09,48,4F,52,4E,45,54,35
16:04:45.213 -> -75, 02,01,06,07,16,09,18,D3,30,00,FE,04,16,0F,18,05,08,09,48,4F,52,4E,45,54,35
16:04:45.259 -> -74, 02,01,06,07,16,09,18,D3,30,00,FE,04,16,0F,18,05,08,09,48,4F,52,4E,45,54,35
16:04:45.259 -> -75, 02,01,06,07,16,09,18,D3,30,00,FE,04,16,0F,18,05,08,09,48,4F,52,4E,45,54,35
16:04:45.259 -> -74, 02,01,06,07,16,09,18,D3,30,00,FE,04,16,0F,18,05,08,09,48,4F,52,4E,45,54,35
16:04:45.304 -> -75, 02,01,06,07,16,09,18,D3,30,00,FE,04,16,0F,18,05,08,09,48,4F,52,4E,45,54,35
16:04:45.304 -> -75, 02,01,06,07,16,09,18,D3,30,00,FE,04,16,0F,18,05,08,09,48,4F,52,4E,45,54,35
16:04:45.304 -> -75, 02,01,06,07,16,09,18,D3,30,00,FE,04,16,0F,18,05,08,09,48,4F,52,4E,45,54,35
16:04:45.351 -> -75, 02,01,06,07,16,09,18,D3,30,00,FE,04,16,0F,18,05,08,09,48,4F,52,4E,45,54,35
16:04:45.398 -> -75, 02,01,06,07,16,09,18,D3,30,00,FE,04,16,0F,18,05,08,09,48,4F,52,4E,45,54,35
16:04:45.398 -> -75, 02,01,06,07,16,09,18,D3,30,00,FE,04,16,0F,18,05,08,09,48,4F,52,4E,45,54,35
16:04:45.398 -> -75, 02,01,06,07,16,09,18,D3,30,00,FE,04,16,0F,18,05,08,09,48,4F,52,4E,45,54,35
16:04:45.446 -> -77, 02,01,06,07,16,09,18,D3,30,00,FE,04,16,0F,18,05,08,09,48,4F,52,4E,45,54,35
16:04:45.446 -> -77, 02,01,06,07,16,09,18,D3,30,00,FE,04,16,0F,18,05,08,09,48,4F,52,4E,45,54,35
16:04:45.446 -> -78, 02,01,06,07,16,09,18,D3,30,00,FE,04,16,0F,18,05,08,09,48,4F,52,4E,45,54,35
16:04:45.492 -> -78, 02,01,06,07,16,09,18,D3,30,00,FE,04,16,0F,18,05,08,09,48,4F,52,4E,45,54,35
16:04:45.492 -> -77, 02,01,06,07,16,09,18,D3,30,00,FE,04,16,0F,18,05,08,09,48,4F,52,4E,45,54,35
16:04:45.492 -> -77, 02,01,06,07,16,09,18,D3,30,00,FE,04,16,0F,18,05,08,09,48,4F,52,4E,45,54,35
16:04:45.538 -> -77, 02,01,06,07,16,09,18,D3,30,00,FE,04,16,0F,18,05,08,09,48,4F,52,4E,45,54,35
16:04:45.538 -> -78, 02,01,06,07,16,09,18,D3,30,00,FE,04,16,0F,18,05,08,09,48,4F,52,4E,45,54,35
16:04:45.538 -> -78, 02,01,06,07,16,09,18,D3,30,00,FE,04,16,0F,18,05,08,09,48,4F,52,4E,45,54,35
16:04:45.538 -> -78, 02,01,06,07,16,09,18,D3,30,00,FE,04,16,0F,18,05,08,09,48,4F,52,4E,45,54,35
16:04:45.584 -> -78, 02,01,06,07,16,09,18,D3,30,00,FE,04,16,0F,18,05,08,09,48,4F,52,4E,45,54,35
16:04:45.584 -> -78, 02,01,06,07,16,09,18,D3,30,00,FE,04,16,0F,18,05,08,09,48,4F,52,4E,45,54,35
16:04:45.584 -> -77, 02,01,06,07,16,09,18,D3,30,00,FE,04,16,0F,18,05,08,09,48,4F,52,4E,45,54,35
16:04:45.631 -> -78, 02,01,06,07,16,09,18,D3,30,00,FE,04,16,0F,18,05,08,09,48,4F,52,4E,45,54,35
16:04:45.631 -> -77, 02,01,06,07,16,09,18,D3,30,00,FE,04,16,0F,18,05,08,09,48,4F,52,4E,45,54,35
16:04:45.677 -> -78, 02,01,06,07,16,09,18,D3,30,00,FE,04,16,0F,18,05,08,09,48,4F,52,4E,45,54,35
16:04:45.677 -> -78, 02,01,06,07,16,09,18,D3,30,00,FE,04,16,0F,18,05,08,09,48,4F,52,4E,45,54,35
16:04:45.677 -> -78, 02,01,06,07,16,09,18,D3,30,00,FE,04,16,0F,18,05,08,09,48,4F,52,4E,45,54,35
16:04:45.677 -> -78, 02,01,06,07,16,09,18,D3,30,00,FE,04,16,0F,18,05,08,09,48,4F,52,4E,45,54,35
16:04:45.677 -> -77, 02,01,06,07,16,09,18,D3,30,00,FE,04,16,0F,18,05,08,09,48,4F,52,4E,45,54,35
16:04:45.724 -> -78, 02,01,06,07,16,09,18,D3,30,00,FE,04,16,0F,18,05,08,09,48,4F,52,4E,45,54,35
16:04:45.724 -> -78, 02,01,06,07,16,09,18,D3,30,00,FE,04,16,0F,18,05,08,09,48,4F,52,4E,45,54,35
16:04:45.724 -> -78, 02,01,06,07,16,09,18,D3,30,00,FE,04,16,0F,18,05,08,09,48,4F,52,4E,45,54,35
16:04:45.724 -> -78, 02,01,06,07,16,09,18,D3,30,00,FE,04,16,0F,18,05,08,09,48,4F,52,4E,45,54,35
16:04:45.772 -> -78, 02,01,06,07,16,09,18,D3,30,00,FE,04,16,0F,18,05,08,09,48,4F,52,4E,45,54,35
16:04:45.772 -> -78, 02,01,06,07,16,09,18,D3,30,00,FE,04,16,0F,18,05,08,09,48,4F,52,4E,45,54,35
16:04:45.772 -> -77, 02,01,06,07,16,09,18,D3,30,00,FE,04,16,0F,18,05,08,09,48,4F,52,4E,45,54,35
16:04:45.819 -> -77, 02,01,06,07,16,09,18,D3,30,00,FE,04,16,0F,18,05,08,09,48,4F,52,4E,45,54,35
16:04:45.819 -> -77, 02,01,06,07,16,09,18,D3,30,00,FE,04,16,0F,18,05,08,09,48,4F,52,4E,45,54,35
16:04:45.819 -> -77, 02,01,06,07,16,09,18,D3,30,00,FE,04,16,0F,18,05,08,09,48,4F,52,4E,45,54,35
16:04:45.867 -> -78, 02,01,06,07,16,09,18,D3,30,00,FE,04,16,0F,18,05,08,09,48,4F,52,4E,45,54,35
16:04:45.867 -> -77, 02,01,06,07,16,09,18,D3,30,00,FE,04,16,0F,18,05,08,09,48,4F,52,4E,45,54,35
16:04:45.867 -> -78, 02,01,06,07,16,09,18,D3,30,00,FE,04,16,0F,18,05,08,09,48,4F,52,4E,45,54,35
16:04:45.867 -> -78, 02,01,06,07,16,09,18,D3,30,00,FE,04,16,0F,18,05,08,09,48,4F,52,4E,45,54,35
16:04:45.915 -> -78, 02,01,06,07,16,09,18,D3,30,00,FE,04,16,0F,18,05,08,09,48,4F,52,4E,45,54,35
16:04:45.915 -> -78, 02,01,06,07,16,09,18,D3,30,00,FE,04,16,0F,18,05,08,09,48,4F,52,4E,45,54,35
16:04:45.915 -> -78, 02,01,06,07,16,09,18,D3,30,00,FE,04,16,0F,18,05,08,09,48,4F,52,4E,45,54,35
16:04:45.962 -> -75, 02,01,06,07,16,09,18,D3,30,00,FE,04,16,0F,18,05,08,09,48,4F,52,4E,45,54,35
16:04:45.962 -> -74, 02,01,06,07,16,09,18,D3,30,00,FE,04,16,0F,18,05,08,09,48,4F,52,4E,45,54,35
16:04:46.011 -> -74, 02,01,06,07,16,09,18,D3,30,00,FE,04,16,0F,18,05,08,09,48,4F,52,4E,45,54,35
16:04:46.011 -> -75, 02,01,06,07,16,09,18,D3,30,00,FE,04,16,0F,18,05,08,09,48,4F,52,4E,45,54,35
16:04:46.011 -> -75, 02,01,06,07,16,09,18,D3,30,00,FE,04,16,0F,18,05,08,09,48,4F,52,4E,45,54,35
16:04:46.011 -> -75, 02,01,06,07,16,09,18,D3,30,00,FE,04,16,0F,18,05,08,09,48,4F,52,4E,45,54,35
16:04:46.056 -> -75, 02,01,06,07,16,09,18,D3,30,00,FE,04,16,0F,18,05,08,09,48,4F,52,4E,45,54,35
16:04:46.056 -> -75, 02,01,06,07,16,09,18,D3,30,00,FE,04,16,0F,18,05,08,09,48,4F,52,4E,45,54,35
16:04:46.056 -> -74, 02,01,06,07,16,09,18,D3,30,00,FE,04,16,0F,18,05,08,09,48,4F,52,4E,45,54,35
16:04:46.056 -> -75, 02,01,06,07,16,09,18,D3,30,00,FE,04,16,0F,18,05,08,09,48,4F,52,4E,45,54,35
16:04:46.103 -> -74, 02,01,06,07,16,09,18,D3,30,00,FE,04,16,0F,18,05,08,09,48,4F,52,4E,45,54,35
16:04:46.103 -> -75, 02,01,06,07,16,09,18,D3,30,00,FE,04,16,0F,18,05,08,09,48,4F,52,4E,45,54,35
16:04:46.103 -> -75, 02,01,06,07,16,09,18,D3,30,00,FE,04,16,0F,18,05,08,09,48,4F,52,4E,45,54,35
16:04:46.149 -> -75, 02,01,06,07,16,09,18,D3,30,00,FE,04,16,0F,18,05,08,09,48,4F,52,4E,45,54,35
16:04:46.149 -> -75, 02,01,06,07,16,09,18,D3,30,00,FE,04,16,0F,18,05,08,09,48,4F,52,4E,45,54,35
16:04:46.149 -> -75, 02,01,06,07,16,09,18,D3,30,00,FE,04,16,0F,18,05,08,09,48,4F,52,4E,45,54,35
16:04:46.149 -> -75, 02,01,06,07,16,09,18,D3,30,00,FE,04,16,0F,18,05,08,09,48,4F,52,4E,45,54,35
16:04:46.195 -> -75, 02,01,06,07,16,09,18,D3,30,00,FE,04,16,0F,18,05,08,09,48,4F,52,4E,45,54,35
16:04:46.195 -> -75, 02,01,06,07,16,09,18,D3,30,00,FE,04,16,0F,18,05,08,09,48,4F,52,4E,45,54,35
16:04:46.195 -> -75, 02,01,06,07,16,09,18,D3,30,00,FE,04,16,0F,18,05,08,09,48,4F,52,4E,45,54,35
16:04:46.241 -> -75, 02,01,06,07,16,09,18,D3,30,00,FE,04,16,0F,18,05,08,09,48,4F,52,4E,45,54,35
16:04:46.241 -> -75, 02,01,06,07,16,09,18,D3,30,00,FE,04,16,0F,18,05,08,09,48,4F,52,4E,45,54,35
16:04:46.287 -> -75, 02,01,06,07,16,09,18,D3,30,00,FE,04,16,0F,18,05,08,09,48,4F,52,4E,45,54,35
16:04:46.287 -> -75, 02,01,06,07,16,09,18,D3,30,00,FE,04,16,0F,18,05,08,09,48,4F,52,4E,45,54,35
16:04:46.333 -> -75, 02,01,06,07,16,09,18,D3,30,00,FE,04,16,0F,18,05,08,09,48,4F,52,4E,45,54,35
16:04:46.333 -> -75, 02,01,06,07,16,09,18,D3,30,00,FE,04,16,0F,18,05,08,09,48,4F,52,4E,45,54,35
16:04:46.333 -> -75, 02,01,06,07,16,09,18,D3,30,00,FE,04,16,0F,18,05,08,09,48,4F,52,4E,45,54,35
16:04:46.333 -> -75, 02,01,06,07,16,09,18,D3,30,00,FE,04,16,0F,18,05,08,09,48,4F,52,4E,45,54,35
16:04:46.381 -> -75, 02,01,06,07,16,09,18,D3,30,00,FE,04,16,0F,18,05,08,09,48,4F,52,4E,45,54,35
16:04:46.428 -> -75, 02,01,06,07,16,09,18,D3,30,00,FE,04,16,0F,18,05,08,09,48,4F,52,4E,45,54,35
16:04:46.474 -> -74, 02,01,06,07,16,09,18,D3,30,00,FE,04,16,0F,18,05,08,09,48,4F,52,4E,45,54,35
16:04:46.521 -> -74, 02,01,06,07,16,09,18,D3,30,00,FE,04,16,0F,18,05,08,09,48,4F,52,4E,45,54,35
16:04:46.521 -> -74, 02,01,06,07,16,09,18,D3,30,00,FE,04,16,0F,18,05,08,09,48,4F,52,4E,45,54,35
16:04:46.521 -> -74, 02,01,06,07,16,09,18,D3,30,00,FE,04,16,0F,18,05,08,09,48,4F,52,4E,45,54,35
16:04:46.521 -> -74, 02,01,06,07,16,09,18,D3,30,00,FE,04,16,0F,18,05,08,09,48,4F,52,4E,45,54,35
16:04:46.567 -> -74, 02,01,06,07,16,09,18,D3,30,00,FE,04,16,0F,18,05,08,09,48,4F,52,4E,45,54,35
16:04:46.567 -> -74, 02,01,06,07,16,09,18,D3,30,00,FE,04,16,0F,18,05,08,09,48,4F,52,4E,45,54,35
16:04:46.612 -> -74, 02,01,06,07,16,09,18,D3,30,00,FE,04,16,0F,18,05,08,09,48,4F,52,4E,45,54,35
16:04:46.612 -> -74, 02,01,06,07,16,09,18,D3,30,00,FE,04,16,0F,18,05,08,09,48,4F,52,4E,45,54,35
16:04:46.612 -> -75, 02,01,06,07,16,09,18,D3,30,00,FE,04,16,0F,18,05,08,09,48,4F,52,4E,45,54,35
16:04:46.659 -> -74, 02,01,06,07,16,09,18,D3,30,00,FE,04,16,0F,18,05,08,09,48,4F,52,4E,45,54,35
16:04:46.659 -> -74, 02,01,06,07,16,09,18,D3,30,00,FE,04,16,0F,18,05,08,09,48,4F,52,4E,45,54,35
16:04:46.706 -> -74, 02,01,06,07,16,09,18,D3,30,00,FE,04,16,0F,18,05,08,09,48,4F,52,4E,45,54,35
16:04:46.706 -> -74, 02,01,06,07,16,09,18,D3,30,00,FE,04,16,0F,18,05,08,09,48,4F,52,4E,45,54,35
16:04:46.753 -> -75, 02,01,06,07,16,09,18,D3,30,00,FE,04,16,0F,18,05,08,09,48,4F,52,4E,45,54,35
16:04:46.753 -> -74, 02,01,06,07,16,09,18,D3,30,00,FE,04,16,0F,18,05,08,09,48,4F,52,4E,45,54,35
16:04:46.753 -> -75, 02,01,06,07,16,09,18,D3,30,00,FE,04,16,0F,18,05,08,09,48,4F,52,4E,45,54,35
16:04:46.799 -> -75, 02,01,06,07,16,09,18,D3,30,00,FE,04,16,0F,18,05,08,09,48,4F,52,4E,45,54,35
16:04:46.847 -> -74, 02,01,06,07,16,09,18,D3,30,00,FE,04,16,0F,18,05,08,09,48,4F,52,4E,45,54,35
16:04:46.847 -> -74, 02,01,06,07,16,09,18,D3,30,00,FE,04,16,0F,18,05,08,09,48,4F,52,4E,45,54,35
16:04:46.847 -> -75, 02,01,06,07,16,09,18,D3,30,00,FE,04,16,0F,18,05,08,09,48,4F,52,4E,45,54,35
16:04:46.847 -> -75, 02,01,06,07,16,09,18,D3,30,00,FE,04,16,0F,18,05,08,09,48,4F,52,4E,45,54,35
16:04:46.847 -> -74, 02,01,06,07,16,09,18,D3,30,00,FE,04,16,0F,18,05,08,09,48,4F,52,4E,45,54,35
16:04:46.941 -> -75, 02,01,06,07,16,09,18,D3,30,00,FE,04,16,0F,18,05,08,09,48,4F,52,4E,45,54,35
16:04:46.941 -> -77, 02,01,06,07,16,09,18,D3,30,00,FE,04,16,0F,18,05,08,09,48,4F,52,4E,45,54,35
16:04:46.989 -> -78, 02,01,06,07,16,09,18,D3,30,00,FE,04,16,0F,18,05,08,09,48,4F,52,4E,45,54,35
16:04:46.989 -> -78, 02,01,06,07,16,09,18,D3,30,00,FE,04,16,0F,18,05,08,09,48,4F,52,4E,45,54,35
16:04:46.989 -> -78, 02,01,06,07,16,09,18,D3,30,00,FE,04,16,0F,18,05,08,09,48,4F,52,4E,45,54,35
16:04:47.038 -> -77, 02,01,06,07,16,09,18,D3,30,00,FE,04,16,0F,18,05,08,09,48,4F,52,4E,45,54,35
16:04:47.038 -> -78, 02,01,06,07,16,09,18,D3,30,00,FE,04,16,0F,18,05,08,09,48,4F,52,4E,45,54,35
16:04:47.038 -> -77, 02,01,06,07,16,09,18,D3,30,00,FE,04,16,0F,18,05,08,09,48,4F,52,4E,45,54,35
16:04:47.038 -> -77, 02,01,06,07,16,09,18,D3,30,00,FE,04,16,0F,18,05,08,09,48,4F,52,4E,45,54,35
16:04:47.038 -> -78, 02,01,06,07,16,09,18,D3,30,00,FE,04,16,0F,18,05,08,09,48,4F,52,4E,45,54,35
16:04:47.085 -> -77, 02,01,06,07,16,09,18,D3,30,00,FE,04,16,0F,18,05,08,09,48,4F,52,4E,45,54,35
16:04:47.085 -> -78, 02,01,06,07,16,09,18,D3,30,00,FE,04,16,0F,18,05,08,09,48,4F,52,4E,45,54,35
16:04:47.085 -> -78, 02,01,06,07,16,09,18,D3,30,00,FE,04,16,0F,18,05,08,09,48,4F,52,4E,45,54,35
16:04:47.128 -> -77, 02,01,06,07,16,09,18,D3,30,00,FE,04,16,0F,18,05,08,09,48,4F,52,4E,45,54,35
16:04:47.128 -> -78, 02,01,06,07,16,09,18,D3,30,00,FE,04,16,0F,18,05,08,09,48,4F,52,4E,45,54,35
16:04:47.128 -> -77, 02,01,06,07,16,09,18,D3,30,00,FE,04,16,0F,18,05,08,09,48,4F,52,4E,45,54,35
16:04:47.128 -> -78, 02,01,06,07,16,09,18,D3,30,00,FE,04,16,0F,18,05,08,09,48,4F,52,4E,45,54,35
16:04:47.177 -> -78, 02,01,06,07,16,09,18,D3,30,00,FE,04,16,0F,18,05,08,09,48,4F,52,4E,45,54,35
16:04:47.177 -> -78, 02,01,06,07,16,09,18,D3,30,00,FE,04,16,0F,18,05,08,09,48,4F,52,4E,45,54,35
16:04:47.177 -> -78, 02,01,06,07,16,09,18,D3,30,00,FE,04,16,0F,18,05,08,09,48,4F,52,4E,45,54,35
16:04:47.233 -> -78, 02,01,06,07,16,09,18,D3,30,00,FE,04,16,0F,18,05,08,09,48,4F,52,4E,45,54,35
16:04:47.233 -> -78, 02,01,06,07,16,09,18,D3,30,00,FE,04,16,0F,18,05,08,09,48,4F,52,4E,45,54,35
16:04:47.233 -> -78, 02,01,06,07,16,09,18,D3,30,00,FE,04,16,0F,18,05,08,09,48,4F,52,4E,45,54,35
16:04:47.233 -> -78, 02,01,06,07,16,09,18,D3,30,00,FE,04,16,0F,18,05,08,09,48,4F,52,4E,45,54,35
16:04:47.233 -> -78, 02,01,06,07,16,09,18,D3,30,00,FE,04,16,0F,18,05,08,09,48,4F,52,4E,45,54,35
16:04:47.276 -> -78, 02,01,06,07,16,09,18,D3,30,00,FE,04,16,0F,18,05,08,09,48,4F,52,4E,45,54,35
16:04:47.276 -> -78, 02,01,06,07,16,09,18,D3,30,00,FE,04,16,0F,18,05,08,09,48,4F,52,4E,45,54,35
16:04:47.276 -> -78, 02,01,06,07,16,09,18,D3,30,00,FE,04,16,0F,18,05,08,09,48,4F,52,4E,45,54,35
16:04:47.276 -> -77, 02,01,06,07,16,09,18,D3,30,00,FE,04,16,0F,18,05,08,09,48,4F,52,4E,45,54,35
16:04:47.320 -> -77, 02,01,06,07,16,09,18,D3,30,00,FE,04,16,0F,18,05,08,09,48,4F,52,4E,45,54,35
16:04:47.320 -> -78, 02,01,06,07,16,09,18,D3,30,00,FE,04,16,0F,18,05,08,09,48,4F,52,4E,45,54,35
16:04:47.368 -> -78, 02,01,06,07,16,09,18,D3,30,00,FE,04,16,0F,18,05,08,09,48,4F,52,4E,45,54,35
16:04:47.368 -> -78, 02,01,06,07,16,09,18,D3,30,00,FE,04,16,0F,18,05,08,09,48,4F,52,4E,45,54,35
16:04:47.368 -> -78, 02,01,06,07,16,09,18,D3,30,00,FE,04,16,0F,18,05,08,09,48,4F,52,4E,45,54,35
16:04:47.368 -> -78, 02,01,06,07,16,09,18,D3,30,00,FE,04,16,0F,18,05,08,09,48,4F,52,4E,45,54,35
16:04:47.408 -> -78, 02,01,06,07,16,09,18,D3,30,00,FE,04,16,0F,18,05,08,09,48,4F,52,4E,45,54,35
16:04:47.408 -> -78, 02,01,06,07,16,09,18,D3,30,00,FE,04,16,0F,18,05,08,09,48,4F,52,4E,45,54,35
16:04:47.408 -> -78, 02,01,06,07,16,09,18,D3,30,00,FE,04,16,0F,18,05,08,09,48,4F,52,4E,45,54,35
16:04:47.459 -> -75, 02,01,06,07,16,09,18,D3,30,00,FE,04,16,0F,18,05,08,09,48,4F,52,4E,45,54,35
16:04:47.459 -> -75, 02,01,06,07,16,09,18,D3,30,00,FE,04,16,0F,18,05,08,09,48,4F,52,4E,45,54,35
16:04:47.508 -> -75, 02,01,06,07,16,09,18,D3,30,00,FE,04,16,0F,18,05,08,09,48,4F,52,4E,45,54,35
16:04:47.550 -> -75, 02,01,06,07,16,09,18,D3,30,00,FE,04,16,0F,18,05,08,09,48,4F,52,4E,45,54,35
16:04:47.550 -> -75, 02,01,06,07,16,09,18,D3,30,00,FE,04,16,0F,18,05,08,09,48,4F,52,4E,45,54,35
16:04:47.594 -> -75, 02,01,06,07,16,09,18,D3,30,00,FE,04,16,0F,18,05,08,09,48,4F,52,4E,45,54,35
16:04:47.594 -> -75, 02,01,06,07,16,09,18,D3,30,00,FE,04,16,0F,18,05,08,09,48,4F,52,4E,45,54,35
16:04:47.594 -> -75, 02,01,06,07,16,09,18,D3,30,00,FE,04,16,0F,18,05,08,09,48,4F,52,4E,45,54,35
16:04:47.643 -> -75, 02,01,06,07,16,09,18,D3,30,00,FE,04,16,0F,18,05,08,09,48,4F,52,4E,45,54,35
16:04:47.688 -> -75, 02,01,06,07,16,09,18,D3,30,00,FE,04,16,0F,18,05,08,09,48,4F,52,4E,45,54,35
16:04:47.688 -> -75, 02,01,06,07,16,09,18,D3,30,00,FE,04,16,0F,18,05,08,09,48,4F,52,4E,45,54,35
16:04:47.688 -> -75, 02,01,06,07,16,09,18,D3,30,00,FE,04,16,0F,18,05,08,09,48,4F,52,4E,45,54,35
16:04:47.745 -> -75, 02,01,06,07,16,09,18,D3,30,00,FE,04,16,0F,18,05,08,09,48,4F,52,4E,45,54,35
16:04:47.745 -> -75, 02,01,06,07,16,09,18,D3,30,00,FE,04,16,0F,18,05,08,09,48,4F,52,4E,45,54,35
16:04:47.745 -> -74, 02,01,06,07,16,09,18,D3,30,00,FE,04,16,0F,18,05,08,09,48,4F,52,4E,45,54,35
16:04:47.793 -> -74, 02,01,06,07,16,09,18,D3,30,00,FE,04,16,0F,18,05,08,09,48,4F,52,4E,45,54,35
16:04:47.793 -> -74, 02,01,06,07,16,09,18,D3,30,00,FE,04,16,0F,18,05,08,09,48,4F,52,4E,45,54,35
16:04:47.793 -> -75, 02,01,06,07,16,09,18,D3,30,00,FE,04,16,0F,18,05,08,09,48,4F,52,4E,45,54,35
16:04:47.793 -> -74, 02,01,06,07,16,09,18,D3,30,00,FE,04,16,0F,18,05,08,09,48,4F,52,4E,45,54,35
16:04:47.829 -> -74, 02,01,06,07,16,09,18,D3,30,00,FE,04,16,0F,18,05,08,09,48,4F,52,4E,45,54,35
16:04:47.829 -> -74, 02,01,06,07,16,09,18,D3,30,00,FE,04,16,0F,18,05,08,09,48,4F,52,4E,45,54,35
16:04:47.829 -> -73, 02,01,06,07,16,09,18,D3,30,00,FE,04,16,0F,18,05,08,09,48,4F,52,4E,45,54,35
16:04:47.829 -> -73, 02,01,06,07,16,09,18,D3,30,00,FE,04,16,0F,18,05,08,09,48,4F,52,4E,45,54,35
16:04:47.874 -> -73, 02,01,06,07,16,09,18,D3,30,00,FE,04,16,0F,18,05,08,09,48,4F,52,4E,45,54,35
16:04:47.874 -> -73, 02,01,06,07,16,09,18,D3,30,00,FE,04,16,0F,18,05,08,09,48,4F,52,4E,45,54,35
16:04:47.977 -> -73, 02,01,06,07,16,09,18,D3,30,00,FE,04,16,0F,18,05,08,09,48,4F,52,4E,45,54,35
16:04:47.977 -> -72, 02,01,06,07,16,09,18,D3,30,00,FE,04,16,0F,18,05,08,09,48,4F,52,4E,45,54,35
16:04:47.977 -> -73, 02,01,06,07,16,09,18,D3,30,00,FE,04,16,0F,18,05,08,09,48,4F,52,4E,45,54,35
16:04:47.977 -> -74, 02,01,06,07,16,09,18,D3,30,00,FE,04,16,0F,18,05,08,09,48,4F,52,4E,45,54,35
16:04:47.977 -> -74, 02,01,06,07,16,09,18,D3,30,00,FE,04,16,0F,18,05,08,09,48,4F,52,4E,45,54,35
16:04:47.977 -> -74, 02,01,06,07,16,09,18,D3,30,00,FE,04,16,0F,18,05,08,09,48,4F,52,4E,45,54,35
16:04:47.977 -> -74, 02,01,06,07,16,09,18,D3,30,00,FE,04,16,0F,18,05,08,09,48,4F,52,4E,45,54,35
16:04:47.977 -> -74, 02,01,06,07,16,09,18,D3,30,00,FE,04,16,0F,18,05,08,09,48,4F,52,4E,45,54,35
16:04:48.054 -> -75, 02,01,06,07,16,09,18,D3,30,00,FE,04,16,0F,18,05,08,09,48,4F,52,4E,45,54,35
16:04:48.080 -> -73, 02,01,06,07,16,09,18,D3,30,00,FE,04,16,0F,18,05,08,09,48,4F,52,4E,45,54,35
16:04:48.080 -> -73, 02,01,06,07,16,09,18,D3,30,00,FE,04,16,0F,18,05,08,09,48,4F,52,4E,45,54,35
16:04:48.080 -> -74, 02,01,06,07,16,09,18,D3,30,00,FE,04,16,0F,18,05,08,09,48,4F,52,4E,45,54,35
16:04:48.156 -> -74, 02,01,06,07,16,09,18,D3,30,00,FE,04,16,0F,18,05,08,09,48,4F,52,4E,45,54,35
16:04:48.156 -> -73, 02,01,06,07,16,09,18,D3,30,00,FE,04,16,0F,18,05,08,09,48,4F,52,4E,45,54,35
16:04:48.156 -> -74, 02,01,06,07,16,09,18,D3,30,00,FE,04,16,0F,18,05,08,09,48,4F,52,4E,45,54,35
16:04:48.203 -> -74, 02,01,06,07,16,09,18,D3,30,00,FE,04,16,0F,18,05,08,09,48,4F,52,4E,45,54,35
16:04:48.203 -> -75, 02,01,06,07,16,09,18,D3,30,00,FE,04,16,0F,18,05,08,09,48,4F,52,4E,45,54,35
16:04:48.203 -> -74, 02,01,06,07,16,09,18,D3,30,00,FE,04,16,0F,18,05,08,09,48,4F,52,4E,45,54,35
16:04:48.203 -> -74, 02,01,06,07,16,09,18,D3,30,00,FE,04,16,0F,18,05,08,09,48,4F,52,4E,45,54,35
16:04:48.251 -> -72, 02,01,06,07,16,09,18,D3,30,00,FE,04,16,0F,18,05,08,09,48,4F,52,4E,45,54,35
16:04:48.251 -> -73, 02,01,06,07,16,09,18,D3,30,00,FE,04,16,0F,18,05,08,09,48,4F,52,4E,45,54,35
16:04:48.251 -> -72, 02,01,06,07,16,09,18,D3,30,00,FE,04,16,0F,18,05,08,09,48,4F,52,4E,45,54,35
16:04:48.299 -> -72, 02,01,06,07,16,09,18,D3,30,00,FE,04,16,0F,18,05,08,09,48,4F,52,4E,45,54,35
16:04:48.299 -> -73, 02,01,06,07,16,09,18,D3,30,00,FE,04,16,0F,18,05,08,09,48,4F,52,4E,45,54,35
16:04:48.299 -> -72, 02,01,06,07,16,09,18,D3,30,00,FE,04,16,0F,18,05,08,09,48,4F,52,4E,45,54,35
16:04:48.299 -> -73, 02,01,06,07,16,09,18,D3,30,00,FE,04,16,0F,18,05,08,09,48,4F,52,4E,45,54,35
16:04:48.346 -> -72, 02,01,06,07,16,09,18,D3,30,00,FE,04,16,0F,18,05,08,09,48,4F,52,4E,45,54,35
16:04:48.346 -> -71, 02,01,06,07,16,09,18,D3,30,00,FE,04,16,0F,18,05,08,09,48,4F,52,4E,45,54,35
16:04:48.346 -> -71, 02,01,06,07,16,09,18,D3,30,00,FE,04,16,0F,18,05,08,09,48,4F,52,4E,45,54,35
16:04:48.391 -> -71, 02,01,06,07,16,09,18,D3,30,00,FE,04,16,0F,18,05,08,09,48,4F,52,4E,45,54,35
16:04:48.439 -> -71, 02,01,06,07,16,09,18,D3,30,00,FE,04,16,0F,18,05,08,09,48,4F,52,4E,45,54,35
16:04:48.439 -> -70, 02,01,06,07,16,09,18,D3,30,00,FE,04,16,0F,18,05,08,09,48,4F,52,4E,45,54,35
16:04:48.439 -> -73, 02,01,06,07,16,09,18,D3,30,00,FE,04,16,0F,18,05,08,09,48,4F,52,4E,45,54,35
16:04:48.485 -> -73, 02,01,06,07,16,09,18,D3,30,00,FE,04,16,0F,18,05,08,09,48,4F,52,4E,45,54,35
16:04:48.485 -> -75, 02,01,06,07,16,09,18,D3,30,00,FE,04,16,0F,18,05,08,09,48,4F,52,4E,45,54,35
16:04:48.485 -> -76, 02,01,06,07,16,09,18,D3,30,00,FE,04,16,0F,18,05,08,09,48,4F,52,4E,45,54,35
16:04:48.531 -> -77, 02,01,06,07,16,09,18,D3,30,00,FE,04,16,0F,18,05,08,09,48,4F,52,4E,45,54,35
16:04:48.531 -> -76, 02,01,06,07,16,09,18,D3,30,00,FE,04,16,0F,18,05,08,09,48,4F,52,4E,45,54,35
16:04:48.531 -> -76, 02,01,06,07,16,09,18,D3,30,00,FE,04,16,0F,18,05,08,09,48,4F,52,4E,45,54,35
16:04:48.531 -> -76, 02,01,06,07,16,09,18,D3,30,00,FE,04,16,0F,18,05,08,09,48,4F,52,4E,45,54,35
16:04:48.577 -> -76, 02,01,06,07,16,09,18,D3,30,00,FE,04,16,0F,18,05,08,09,48,4F,52,4E,45,54,35
16:04:48.577 -> -76, 02,01,06,07,16,09,18,D3,30,00,FE,04,16,0F,18,05,08,09,48,4F,52,4E,45,54,35
16:04:48.577 -> -77, 02,01,06,07,16,09,18,D3,30,00,FE,04,16,0F,18,05,08,09,48,4F,52,4E,45,54,35
16:04:48.577 -> -76, 02,01,06,07,16,09,18,D3,30,00,FE,04,16,0F,18,05,08,09,48,4F,52,4E,45,54,35
16:04:48.625 -> -78, 02,01,06,07,16,09,18,D3,30,00,FE,04,16,0F,18,05,08,09,48,4F,52,4E,45,54,35
16:04:48.625 -> -79, 02,01,06,07,16,09,18,D3,30,00,FE,04,16,0F,18,05,08,09,48,4F,52,4E,45,54,35
16:04:48.625 -> -79, 02,01,06,07,16,09,18,D3,30,00,FE,04,16,0F,18,05,08,09,48,4F,52,4E,45,54,35
16:04:48.673 -> -80, 02,01,06,07,16,09,18,D3,30,00,FE,04,16,0F,18,05,08,09,48,4F,52,4E,45,54,35
16:04:48.721 -> -80, 02,01,06,07,16,09,18,D3,30,00,FE,04,16,0F,18,05,08,09,48,4F,52,4E,45,54,35
16:04:48.769 -> -79, 02,01,06,07,16,09,18,D3,30,00,FE,04,16,0F,18,05,08,09,48,4F,52,4E,45,54,35
16:04:48.769 -> -79, 02,01,06,07,16,09,18,D3,30,00,FE,04,16,0F,18,05,08,09,48,4F,52,4E,45,54,35
16:04:48.769 -> -78, 02,01,06,07,16,09,18,D3,30,00,FE,04,16,0F,18,05,08,09,48,4F,52,4E,45,54,35
16:04:48.815 -> -78, 02,01,06,07,16,09,18,D3,30,00,FE,04,16,0F,18,05,08,09,48,4F,52,4E,45,54,35
16:04:48.815 -> -77, 02,01,06,07,16,09,18,D3,30,00,FE,04,16,0F,18,05,08,09,48,4F,52,4E,45,54,35
16:04:48.862 -> -77, 02,01,06,07,16,09,18,D3,30,00,FE,04,16,0F,18,05,08,09,48,4F,52,4E,45,54,35
16:04:48.862 -> -78, 02,01,06,07,16,09,18,D3,30,00,FE,04,16,0F,18,05,08,09,48,4F,52,4E,45,54,35
16:04:48.862 -> -78, 02,01,06,07,16,09,18,D3,30,00,FE,04,16,0F,18,05,08,09,48,4F,52,4E,45,54,35
16:04:48.908 -> -79, 02,01,06,07,16,09,18,D3,30,00,FE,04,16,0F,18,05,08,09,48,4F,52,4E,45,54,35
