15:46:03.930 -> -85, 02,01,06,07,16,09,18,D3,30,00,FE,04,16,0F,18,03,08,09,48,4F,52,4E,45,54,35
15:46:03.977 -> -83, 02,01,06,07,16,09,18,D3,30,00,FE,04,16,0F,18,03,08,09,48,4F,52,4E,45,54,35
15:46:03.977 -> -84, 02,01,06,07,16,09,18,D3,30,00,FE,04,16,0F,18,03,08,09,48,4F,52,4E,45,54,35
15:46:03.977 -> -79, 02,01,06,07,16,09,18,D3,30,00,FE,04,16,0F,18,03,08,09,48,4F,52,4E,45,54,35
15:46:04.023 -> -79, 02,01,06,07,16,09,18,D3,30,00,FE,04,16,0F,18,03,08,09,48,4F,52,4E,45,54,35
15:46:04.117 -> -80, 02,01,06,07,16,09,18,D3,30,00,FE,04,16,0F,18,03,08,09,48,4F,52,4E,45,54,35
15:46:04.212 -> -80, 02,01,06,07,16,09,18,D3,30,00,FE,04,16,0F,18,03,08,09,48,4F,52,4E,45,54,35
15:46:04.492 -> -75, 02,01,06,07,16,09,18,D3,30,00,FE,04,16,0F,18,03,08,09,48,4F,52,4E,45,54,35
15:46:04.492 -> -76, 02,01,06,07,16,09,18,D3,30,00,FE,04,16,0F,18,03,08,09,48,4F,52,4E,45,54,35
15:46:04.538 -> -75, 02,01,06,07,16,09,18,D3,30,00,FE,04,16,0F,18,03,08,09,48,4F,52,4E,45,54,35
15:46:04.584 -> -75, 02,01,06,07,16,09,18,D3,30,00,FE,04,16,0F,18,03,08,09,48,4F,52,4E,45,54,35
15:46:04.584 -> -76, 02,01,06,07,16,09,18,D3,30,00,FE,04,16,0F,18,03,08,09,48,4F,52,4E,45,54,35
15:46:04.631 -> -75, 02,01,06,07,16,09,18,D3,30,00,FE,04,16,0F,18,03,08,09,48,4F,52,4E,45,54,35
15:46:04.631 -> -75, 02,01,06,07,16,09,18,D3,30,00,FE,04,16,0F,18,03,08,09,48,4F,52,4E,45,54,35
15:46:04.678 -> -76, 02,01,06,07,16,09,18,D3,30,00,FE,04,16,0F,18,03,08,09,48,4F,52,4E,45,54,35
15:46:04.678 -> -75, 02,01,06,07,16,09,18,D3,30,00,FE,04,16,0F,18,03,08,09,48,4F,52,4E,45,54,35
15:46:04.726 -> -76, 02,01,06,07,16,09,18,D3,30,00,FE,04,16,0F,18,03,08,09,48,4F,52,4E,45,54,35
15:46:04.774 -> -76, 02,01,06,07,16,09,18,D3,30,00,FE,04,16,0F,18,03,08,09,48,4F,52,4E,45,54,35
15:46:04.774 -> -76, 02,01,06,07,16,09,18,D3,30,00,FE,04,16,0F,18,03,08,09,48,4F,52,4E,45,54,35
15:46:04.819 -> -76, 02,01,06,07,16,09,18,D3,30,00,FE,04,16,0F,18,03,08,09,48,4F,52,4E,45,54,35
15:46:04.819 -> -76, 02,01,06,07,16,09,18,D3,30,00,FE,04,16,0F,18,03,08,09,48,4F,52,4E,45,54,35
15:46:04.819 -> -76, 02,01,06,07,16,09,18,D3,30,00,FE,04,16,0F,18,03,08,09,48,4F,52,4E,45,54,35
15:46:04.865 -> -76, 02,01,06,07,16,09,18,D3,30,00,FE,04,16,0F,18,03,08,09,48,4F,52,4E,45,54,35
15:46:04.958 -> -77, 02,01,06,07,16,09,18,D3,30,00,FE,04,16,0F,18,03,08,09,48,4F,52,4E,45,54,35
15:46:05.051 -> -82, 02,01,06,07,16,09,18,D3,30,00,FE,04,16,0F,18,03,08,09,48,4F,52,4E,45,54,35
15:46:05.143 -> -82, 02,01,06,07,16,09,18,D3,30,00,FE,04,16,0F,18,03,08,09,48,4F,52,4E,45,54,35
15:46:05.192 -> -81, 02,01,06,07,16,09,18,D3,30,00,FE,04,16,0F,18,03,08,09,48,4F,52,4E,45,54,35
15:46:05.192 -> -81, 02,01,06,07,16,09,18,D3,30,00,FE,04,16,0F,18,03,08,09,48,4F,52,4E,45,54,35
15:46:05.192 -> -80, 02,01,06,07,16,09,18,D3,30,00,FE,04,16,0F,18,03,08,09,48,4F,52,4E,45,54,35
15:46:05.237 -> -80, 02,01,06,07,16,09,18,D3,30,00,FE,04,16,0F,18,03,08,09,48,4F,52,4E,45,54,35
15:46:05.237 -> -80, 02,01,06,07,16,09,18,D3,30,00,FE,04,16,0F,18,03,08,09,48,4F,52,4E,45,54,35
15:46:05.283 -> -80, 02,01,06,07,16,09,18,D3,30,00,FE,04,16,0F,18,03,08,09,48,4F,52,4E,45,54,35
15:46:05.283 -> -81, 02,01,06,07,16,09,18,D3,30,00,FE,04,16,0F,18,03,08,09,48,4F,52,4E,45,54,35
15:46:05.330 -> -81, 02,01,06,07,16,09,18,D3,30,00,FE,04,16,0F,18,03,08,09,48,4F,52,4E,45,54,35
15:46:05.330 -> -81, 02,01,06,07,16,09,18,D3,30,00,FE,04,16,0F,18,03,08,09,48,4F,52,4E,45,54,35
15:46:05.377 -> -81, 02,01,06,07,16,09,18,D3,30,00,FE,04,16,0F,18,03,08,09,48,4F,52,4E,45,54,35
15:46:05.469 -> -82, 02,01,06,07,16,09,18,D3,30,00,FE,04,16,0F,18,03,08,09,48,4F,52,4E,45,54,35
15:46:05.469 -> -80, 02,01,06,07,16,09,18,D3,30,00,FE,04,16,0F,18,03,08,09,48,4F,52,4E,45,54,35
15:46:05.469 -> -81, 02,01,06,07,16,09,18,D3,30,00,FE,04,16,0F,18,03,08,09,48,4F,52,4E,45,54,35
15:46:05.516 -> -77, 02,01,06,07,16,09,18,D3,30,00,FE,04,16,0F,18,03,08,09,48,4F,52,4E,45,54,35
15:46:05.516 -> -78, 02,01,06,07,16,09,18,D3,30,00,FE,04,16,0F,18,03,08,09,48,4F,52,4E,45,54,35
15:46:05.563 -> -77, 02,01,06,07,16,09,18,D3,30,00,FE,04,16,0F,18,03,08,09,48,4F,52,4E,45,54,35
15:46:05.563 -> -77, 02,01,06,07,16,09,18,D3,30,00,FE,04,16,0F,18,03,08,09,48,4F,52,4E,45,54,35
15:46:05.563 -> -77, 02,01,06,07,16,09,18,D3,30,00,FE,04,16,0F,18,03,08,09,48,4F,52,4E,45,54,35
15:46:05.609 -> -77, 02,01,06,07,16,09,18,D3,30,00,FE,04,16,0F,18,03,08,09,48,4F,52,4E,45,54,35
15:46:05.609 -> -77, 02,01,06,07,16,09,18,D3,30,00,FE,04,16,0F,18,03,08,09,48,4F,52,4E,45,54,35
15:46:05.654 -> -78, 02,01,06,07,16,09,18,D3,30,00,FE,04,16,0F,18,03,08,09,48,4F,52,4E,45,54,35
15:46:05.701 -> -78, 02,01,06,07,16,09,18,D3,30,00,FE,04,16,0F,18,03,08,09,48,4F,52,4E,45,54,35
15:46:05.701 -> -78, 02,01,06,07,16,09,18,D3,30,00,FE,04,16,0F,18,03,08,09,48,4F,52,4E,45,54,35
15:46:05.701 -> -78, 02,01,06,07,16,09,18,D3,30,00,FE,04,16,0F,18,03,08,09,48,4F,52,4E,45,54,35
15:46:05.794 -> -79, 02,01,06,07,16,09,18,D3,30,00,FE,04,16,0F,18,03,08,09,48,4F,52,4E,45,54,35
15:46:05.794 -> -78, 02,01,06,07,16,09,18,D3,30,00,FE,04,16,0F,18,03,08,09,48,4F,52,4E,45,54,35
15:46:05.794 -> -78, 02,01,06,07,16,09,18,D3,30,00,FE,04,16,0F,18,03,08,09,48,4F,52,4E,45,54,35
15:46:05.794 -> -78, 02,01,06,07,16,09,18,D3,30,00,FE,04,16,0F,18,03,08,09,48,4F,52,4E,45,54,35
15:46:05.841 -> -78, 02,01,06,07,16,09,18,D3,30,00,FE,04,16,0F,18,03,08,09,48,4F,52,4E,45,54,35
15:46:05.888 -> -77, 02,01,06,07,16,09,18,D3,30,00,FE,04,16,0F,18,03,08,09,48,4F,52,4E,45,54,35
15:46:05.888 -> -79, 02,01,06,07,16,09,18,D3,30,00,FE,04,16,0F,18,03,08,09,48,4F,52,4E,45,54,35
15:46:05.933 -> -78, 02,01,06,07,16,09,18,D3,30,00,FE,04,16,0F,18,03,08,09,48,4F,52,4E,45,54,35
15:46:05.980 -> -78, 02,01,06,07,16,09,18,D3,30,00,FE,04,16,0F,18,03,08,09,48,4F,52,4E,45,54,35
15:46:06.028 -> -79, 02,01,06,07,16,09,18,D3,30,00,FE,04,16,0F,18,03,08,09,48,4F,52,4E,45,54,35
15:46:06.028 -> -79, 02,01,06,07,16,09,18,D3,30,00,FE,04,16,0F,18,03,08,09,48,4F,52,4E,45,54,35
15:46:06.121 -> -78, 02,01,06,07,16,09,18,D3,30,00,FE,04,16,0F,18,03,08,09,48,4F,52,4E,45,54,35
15:46:06.355 -> -79, 02,01,06,07,16,09,18,D3,30,00,FE,04,16,0F,18,04,08,09,48,4F,52,4E,45,54,35
15:46:06.449 -> -80, 02,01,06,07,16,09,18,D3,30,00,FE,04,16,0F,18,04,08,09,48,4F,52,4E,45,54,35
15:46:06.498 -> -79, 02,01,06,07,16,09,18,D3,30,00,FE,04,16,0F,18,04,08,09,48,4F,52,4E,45,54,35
15:46:06.498 -> -79, 02,01,06,07,16,09,18,D3,30,00,FE,04,16,0F,18,04,08,09,48,4F,52,4E,45,54,35
15:46:06.498 -> -79, 02,01,06,07,16,09,18,D3,30,00,FE,04,16,0F,18,04,08,09,48,4F,52,4E,45,54,35
15:46:06.544 -> -80, 02,01,06,07,16,09,18,D3,30,00,FE,04,16,0F,18,04,08,09,48,4F,52,4E,45,54,35
15:46:06.544 -> -79, 02,01,06,07,16,09,18,D3,30,00,FE,04,16,0F,18,04,08,09,48,4F,52,4E,45,54,35
15:46:06.592 -> -80, 02,01,06,07,16,09,18,D3,30,00,FE,04,16,0F,18,04,08,09,48,4F,52,4E,45,54,35
15:46:06.592 -> -80, 02,01,06,07,16,09,18,D3,30,00,FE,04,16,0F,18,04,08,09,48,4F,52,4E,45,54,35
15:46:06.638 -> -80, 02,01,06,07,16,09,18,D3,30,00,FE,04,16,0F,18,04,08,09,48,4F,52,4E,45,54,35
15:46:06.638 -> -79, 02,01,06,07,16,09,18,D3,30,00,FE,04,16,0F,18,04,08,09,48,4F,52,4E,45,54,35
15:46:06.638 -> -80, 02,01,06,07,16,09,18,D3,30,00,FE,04,16,0F,18,04,08,09,48,4F,52,4E,45,54,35
15:46:06.685 -> -80, 02,01,06,07,16,09,18,D3,30,00,FE,04,16,0F,18,04,08,09,48,4F,52,4E,45,54,35
15:46:06.685 -> -81, 02,01,06,07,16,09,18,D3,30,00,FE,04,16,0F,18,04,08,09,48,4F,52,4E,45,54,35
15:46:06.685 -> -79, 02,01,06,07,16,09,18,D3,30,00,FE,04,16,0F,18,04,08,09,48,4F,52,4E,45,54,35
15:46:06.685 -> -80, 02,01,06,07,16,09,18,D3,30,00,FE,04,16,0F,18,04,08,09,48,4F,52,4E,45,54,35
15:46:06.733 -> -80, 02,01,06,07,16,09,18,D3,30,00,FE,04,16,0F,18,04,08,09,48,4F,52,4E,45,54,35
15:46:06.778 -> -81, 02,01,06,07,16,09,18,D3,30,00,FE,04,16,0F,18,04,08,09,48,4F,52,4E,45,54,35
15:46:06.825 -> -81, 02,01,06,07,16,09,18,D3,30,00,FE,04,16,0F,18,04,08,09,48,4F,52,4E,45,54,35
15:46:06.871 -> -81, 02,01,06,07,16,09,18,D3,30,00,FE,04,16,0F,18,04,08,09,48,4F,52,4E,45,54,35
15:46:06.871 -> -81, 02,01,06,07,16,09,18,D3,30,00,FE,04,16,0F,18,04,08,09,48,4F,52,4E,45,54,35
15:46:06.871 -> -81, 02,01,06,07,16,09,18,D3,30,00,FE,04,16,0F,18,04,08,09,48,4F,52,4E,45,54,35
15:46:06.917 -> -81, 02,01,06,07,16,09,18,D3,30,00,FE,04,16,0F,18,04,08,09,48,4F,52,4E,45,54,35
15:46:06.917 -> -81, 02,01,06,07,16,09,18,D3,30,00,FE,04,16,0F,18,04,08,09,48,4F,52,4E,45,54,35
15:46:06.917 -> -81, 02,01,06,07,16,09,18,D3,30,00,FE,04,16,0F,18,04,08,09,48,4F,52,4E,45,54,35
15:46:06.965 -> -82, 02,01,06,07,16,09,18,D3,30,00,FE,04,16,0F,18,04,08,09,48,4F,52,4E,45,54,35
15:46:06.965 -> -81, 02,01,06,07,16,09,18,D3,30,00,FE,04,16,0F,18,04,08,09,48,4F,52,4E,45,54,35
15:46:07.011 -> -78, 02,01,06,07,16,09,18,D3,30,00,FE,04,16,0F,18,04,08,09,48,4F,52,4E,45,54,35
15:46:07.057 -> -77, 02,01,06,07,16,09,18,D3,30,00,FE,04,16,0F,18,04,08,09,48,4F,52,4E,45,54,35
15:46:07.104 -> -79, 02,01,06,07,16,09,18,D3,30,00,FE,04,16,0F,18,04,08,09,48,4F,52,4E,45,54,35
15:46:07.104 -> -77, 02,01,06,07,16,09,18,D3,30,00,FE,04,16,0F,18,04,08,09,48,4F,52,4E,45,54,35
15:46:07.150 -> -77, 02,01,06,07,16,09,18,D3,30,00,FE,04,16,0F,18,04,08,09,48,4F,52,4E,45,54,35
15:46:07.150 -> -77, 02,01,06,07,16,09,18,D3,30,00,FE,04,16,0F,18,04,08,09,48,4F,52,4E,45,54,35
15:46:07.198 -> -77, 02,01,06,07,16,09,18,D3,30,00,FE,04,16,0F,18,04,08,09,48,4F,52,4E,45,54,35
15:46:07.198 -> -77, 02,01,06,07,16,09,18,D3,30,00,FE,04,16,0F,18,04,08,09,48,4F,52,4E,45,54,35
15:46:07.244 -> -77, 02,01,06,07,16,09,18,D3,30,00,FE,04,16,0F,18,03,08,09,48,4F,52,4E,45,54,35
15:46:07.244 -> -77, 02,01,06,07,16,09,18,D3,30,00,FE,04,16,0F,18,03,08,09,48,4F,52,4E,45,54,35
15:46:07.244 -> -77, 02,01,06,07,16,09,18,D3,30,00,FE,04,16,0F,18,03,08,09,48,4F,52,4E,45,54,35
15:46:07.289 -> -77, 02,01,06,07,16,09,18,D3,30,00,FE,04,16,0F,18,03,08,09,48,4F,52,4E,45,54,35
15:46:07.289 -> -76, 02,01,06,07,16,09,18,D3,30,00,FE,04,16,0F,18,03,08,09,48,4F,52,4E,45,54,35
15:46:07.289 -> -77, 02,01,06,07,16,09,18,D3,30,00,FE,04,16,0F,18,03,08,09,48,4F,52,4E,45,54,35
15:46:07.335 -> -77, 02,01,06,07,16,09,18,D3,30,00,FE,04,16,0F,18,03,08,09,48,4F,52,4E,45,54,35
15:46:07.335 -> -77, 02,01,06,07,16,09,18,D3,30,00,FE,04,16,0F,18,03,08,09,48,4F,52,4E,45,54,35
15:46:07.335 -> -77, 02,01,06,07,16,09,18,D3,30,00,FE,04,16,0F,18,03,08,09,48,4F,52,4E,45,54,35
15:46:07.383 -> -78, 02,01,06,07,16,09,18,D3,30,00,FE,04,16,0F,18,03,08,09,48,4F,52,4E,45,54,35
15:46:07.475 -> -77, 02,01,06,07,16,09,18,D3,30,00,FE,04,16,0F,18,03,08,09,48,4F,52,4E,45,54,35
15:46:07.570 -> -77, 02,01,06,07,16,09,18,D3,30,00,FE,04,16,0F,18,03,08,09,48,4F,52,4E,45,54,35
15:46:07.617 -> -77, 02,01,06,07,16,09,18,D3,30,00,FE,04,16,0F,18,03,08,09,48,4F,52,4E,45,54,35
15:46:07.711 -> -77, 02,01,06,07,16,09,18,D3,30,00,FE,04,16,0F,18,03,08,09,48,4F,52,4E,45,54,35
15:46:07.758 -> -78, 02,01,06,07,16,09,18,D3,30,00,FE,04,16,0F,18,03,08,09,48,4F,52,4E,45,54,35
15:46:07.804 -> -77, 02,01,06,07,16,09,18,D3,30,00,FE,04,16,0F,18,03,08,09,48,4F,52,4E,45,54,35
15:46:07.850 -> -77, 02,01,06,07,16,09,18,D3,30,00,FE,04,16,0F,18,03,08,09,48,4F,52,4E,45,54,35
15:46:07.897 -> -77, 02,01,06,07,16,09,18,D3,30,00,FE,04,16,0F,18,03,08,09,48,4F,52,4E,45,54,35
15:46:07.897 -> -77, 02,01,06,07,16,09,18,D3,30,00,FE,04,16,0F,18,03,08,09,48,4F,52,4E,45,54,35
15:46:07.990 -> -82, 02,01,06,07,16,09,18,D3,30,00,FE,04,16,0F,18,03,08,09,48,4F,52,4E,45,54,35
15:46:08.037 -> -82, 02,01,06,07,16,09,18,D3,30,00,FE,04,16,0F,18,03,08,09,48,4F,52,4E,45,54,35
15:46:08.084 -> -82, 02,01,06,07,16,09,18,D3,30,00,FE,04,16,0F,18,03,08,09,48,4F,52,4E,45,54,35
15:46:08.179 -> -81, 02,01,06,07,16,09,18,D3,30,00,FE,04,16,0F,18,03,08,09,48,4F,52,4E,45,54,35
15:46:08.179 -> -82, 02,01,06,07,16,09,18,D3,30,00,FE,04,16,0F,18,03,08,09,48,4F,52,4E,45,54,35
15:46:08.226 -> -81, 02,01,06,07,16,09,18,D3,30,00,FE,04,16,0F,18,03,08,09,48,4F,52,4E,45,54,35
15:46:08.273 -> -81, 02,01,06,07,16,09,18,D3,30,00,FE,04,16,0F,18,03,08,09,48,4F,52,4E,45,54,35
15:46:08.320 -> -81, 02,01,06,07,16,09,18,D3,30,00,FE,04,16,0F,18,03,08,09,48,4F,52,4E,45,54,35
15:46:08.320 -> -81, 02,01,06,07,16,09,18,D3,30,00,FE,04,16,0F,18,03,08,09,48,4F,52,4E,45,54,35
15:46:08.320 -> -82, 02,01,06,07,16,09,18,D3,30,00,FE,04,16,0F,18,03,08,09,48,4F,52,4E,45,54,35
15:46:08.320 -> -81, 02,01,06,07,16,09,18,D3,30,00,FE,04,16,0F,18,03,08,09,48,4F,52,4E,45,54,35
15:46:08.415 -> -82, 02,01,06,07,16,09,18,D3,30,00,FE,04,16,0F,18,03,08,09,48,4F,52,4E,45,54,35
15:46:08.415 -> -80, 02,01,06,07,16,09,18,D3,30,00,FE,04,16,0F,18,03,08,09,48,4F,52,4E,45,54,35
15:46:08.462 -> -81, 02,01,06,07,16,09,18,D3,30,00,FE,04,16,0F,18,03,08,09,48,4F,52,4E,45,54,35
15:46:08.462 -> -80, 02,01,06,07,16,09,18,D3,30,00,FE,04,16,0F,18,03,08,09,48,4F,52,4E,45,54,35
15:46:08.462 -> -81, 02,01,06,07,16,09,18,D3,30,00,FE,04,16,0F,18,03,08,09,48,4F,52,4E,45,54,35
15:46:08.555 -> -79, 02,01,06,07,16,09,18,D3,30,00,FE,04,16,0F,18,03,08,09,48,4F,52,4E,45,54,35
15:46:08.602 -> -79, 02,01,06,07,16,09,18,D3,30,00,FE,04,16,0F,18,03,08,09,48,4F,52,4E,45,54,35
15:46:08.602 -> -79, 02,01,06,07,16,09,18,D3,30,00,FE,04,16,0F,18,03,08,09,48,4F,52,4E,45,54,35
15:46:08.742 -> -79, 02,01,06,07,16,09,18,D3,30,00,FE,04,16,0F,18,03,08,09,48,4F,52,4E,45,54,35
15:46:08.789 -> -79, 02,01,06,07,16,09,18,D3,30,00,FE,04,16,0F,18,03,08,09,48,4F,52,4E,45,54,35
15:46:08.789 -> -79, 02,01,06,07,16,09,18,D3,30,00,FE,04,16,0F,18,03,08,09,48,4F,52,4E,45,54,35
15:46:08.835 -> -78, 02,01,06,07,16,09,18,D3,30,00,FE,04,16,0F,18,03,08,09,48,4F,52,4E,45,54,35
15:46:08.835 -> -80, 02,01,06,07,16,09,18,D3,30,00,FE,04,16,0F,18,03,08,09,48,4F,52,4E,45,54,35
15:46:08.928 -> -79, 02,01,06,07,16,09,18,D3,30,00,FE,04,16,0F,18,03,08,09,48,4F,52,4E,45,54,35
15:46:08.974 -> -79, 02,01,06,07,16,09,18,D3,30,00,FE,04,16,0F,18,03,08,09,48,4F,52,4E,45,54,35
15:46:09.021 -> -77, 02,01,06,07,16,09,18,D3,30,00,FE,04,16,0F,18,03,08,09,48,4F,52,4E,45,54,35
15:46:09.021 -> -77, 02,01,06,07,16,09,18,D3,30,00,FE,04,16,0F,18,03,08,09,48,4F,52,4E,45,54,35
15:46:09.021 -> -77, 02,01,06,07,16,09,18,D3,30,00,FE,04,16,0F,18,03,08,09,48,4F,52,4E,45,54,35
15:46:09.068 -> -76, 02,01,06,07,16,09,18,D3,30,00,FE,04,16,0F,18,03,08,09,48,4F,52,4E,45,54,35
15:46:09.068 -> -76, 02,01,06,07,16,09,18,D3,30,00,FE,04,16,0F,18,03,08,09,48,4F,52,4E,45,54,35
15:46:09.114 -> -76, 02,01,06,07,16,09,18,D3,30,00,FE,04,16,0F,18,03,08,09,48,4F,52,4E,45,54,35
15:46:09.114 -> -76, 02,01,06,07,16,09,18,D3,30,00,FE,04,16,0F,18,03,08,09,48,4F,52,4E,45,54,35
15:46:09.160 -> -76, 02,01,06,07,16,09,18,D3,30,00,FE,04,16,0F,18,03,08,09,48,4F,52,4E,45,54,35
15:46:09.160 -> -76, 02,01,06,07,16,09,18,D3,30,00,FE,04,16,0F,18,03,08,09,48,4F,52,4E,45,54,35
15:46:09.160 -> -76, 02,01,06,07,16,09,18,D3,30,00,FE,04,16,0F,18,03,08,09,48,4F,52,4E,45,54,35
15:46:09.207 -> -76, 02,01,06,07,16,09,18,D3,30,00,FE,04,16,0F,18,03,08,09,48,4F,52,4E,45,54,35
15:46:09.207 -> -76, 02,01,06,07,16,09,18,D3,30,00,FE,04,16,0F,18,03,08,09,48,4F,52,4E,45,54,35
15:46:09.207 -> -76, 02,01,06,07,16,09,18,D3,30,00,FE,04,16,0F,18,03,08,09,48,4F,52,4E,45,54,35
15:46:09.207 -> -77, 02,01,06,07,16,09,18,D3,30,00,FE,04,16,0F,18,03,08,09,48,4F,52,4E,45,54,35
15:46:09.254 -> -76, 02,01,06,07,16,09,18,D3,30,00,FE,04,16,0F,18,04,08,09,48,4F,52,4E,45,54,35
15:46:09.254 -> -77, 02,01,06,07,16,09,18,D3,30,00,FE,04,16,0F,18,04,08,09,48,4F,52,4E,45,54,35
15:46:09.300 -> -76, 02,01,06,07,16,09,18,D3,30,00,FE,04,16,0F,18,04,08,09,48,4F,52,4E,45,54,35
15:46:09.300 -> -76, 02,01,06,07,16,09,18,D3,30,00,FE,04,16,0F,18,04,08,09,48,4F,52,4E,45,54,35
15:46:09.347 -> -76, 02,01,06,07,16,09,18,D3,30,00,FE,04,16,0F,18,04,08,09,48,4F,52,4E,45,54,35
15:46:09.442 -> -76, 02,01,06,07,16,09,18,D3,30,00,FE,04,16,0F,18,04,08,09,48,4F,52,4E,45,54,35
15:46:09.488 -> -77, 02,01,06,07,16,09,18,D3,30,00,FE,04,16,0F,18,04,08,09,48,4F,52,4E,45,54,35
15:46:09.488 -> -82, 02,01,06,07,16,09,18,D3,30,00,FE,04,16,0F,18,04,08,09,48,4F,52,4E,45,54,35
15:46:09.533 -> -82, 02,01,06,07,16,09,18,D3,30,00,FE,04,16,0F,18,04,08,09,48,4F,52,4E,45,54,35
15:46:09.533 -> -82, 02,01,06,07,16,09,18,D3,30,00,FE,04,16,0F,18,04,08,09,48,4F,52,4E,45,54,35
15:46:09.533 -> -82, 02,01,06,07,16,09,18,D3,30,00,FE,04,16,0F,18,04,08,09,48,4F,52,4E,45,54,35
15:46:09.580 -> -83, 02,01,06,07,16,09,18,D3,30,00,FE,04,16,0F,18,04,08,09,48,4F,52,4E,45,54,35
15:46:09.627 -> -82, 02,01,06,07,16,09,18,D3,30,00,FE,04,16,0F,18,04,08,09,48,4F,52,4E,45,54,35
15:46:09.627 -> -83, 02,01,06,07,16,09,18,D3,30,00,FE,04,16,0F,18,04,08,09,48,4F,52,4E,45,54,35
15:46:09.674 -> -82, 02,01,06,07,16,09,18,D3,30,00,FE,04,16,0F,18,04,08,09,48,4F,52,4E,45,54,35
15:46:09.721 -> -83, 02,01,06,07,16,09,18,D3,30,00,FE,04,16,0F,18,04,08,09,48,4F,52,4E,45,54,35
15:46:09.861 -> -82, 02,01,06,07,16,09,18,D3,30,00,FE,04,16,0F,18,04,08,09,48,4F,52,4E,45,54,35
15:46:09.909 -> -81, 02,01,06,07,16,09,18,D3,30,00,FE,04,16,0F,18,04,08,09,48,4F,52,4E,45,54,35
15:46:09.909 -> -81, 02,01,06,07,16,09,18,D3,30,00,FE,04,16,0F,18,04,08,09,48,4F,52,4E,45,54,35
15:46:09.954 -> -81, 02,01,06,07,16,09,18,D3,30,00,FE,04,16,0F,18,04,08,09,48,4F,52,4E,45,54,35
15:46:09.954 -> -80, 02,01,06,07,16,09,18,D3,30,00,FE,04,16,0F,18,04,08,09,48,4F,52,4E,45,54,35
15:46:10.002 -> -80, 02,01,06,07,16,09,18,D3,30,00,FE,04,16,0F,18,04,08,09,48,4F,52,4E,45,54,35
15:46:10.048 -> -79, 02,01,06,07,16,09,18,D3,30,00,FE,04,16,0F,18,04,08,09,48,4F,52,4E,45,54,35
15:46:10.095 -> -78, 02,01,06,07,16,09,18,D3,30,00,FE,04,16,0F,18,04,08,09,48,4F,52,4E,45,54,35
15:46:10.095 -> -78, 02,01,06,07,16,09,18,D3,30,00,FE,04,16,0F,18,04,08,09,48,4F,52,4E,45,54,35
15:46:10.143 -> -78, 02,01,06,07,16,09,18,D3,30,00,FE,04,16,0F,18,04,08,09,48,4F,52,4E,45,54,35
15:46:10.190 -> -78, 02,01,06,07,16,09,18,D3,30,00,FE,04,16,0F,18,04,08,09,48,4F,52,4E,45,54,35
15:46:10.190 -> -78, 02,01,06,07,16,09,18,D3,30,00,FE,04,16,0F,18,04,08,09,48,4F,52,4E,45,54,35
15:46:10.190 -> -78, 02,01,06,07,16,09,18,D3,30,00,FE,04,16,0F,18,04,08,09,48,4F,52,4E,45,54,35
15:46:10.285 -> -78, 02,01,06,07,16,09,18,D3,30,00,FE,04,16,0F,18,03,08,09,48,4F,52,4E,45,54,35
15:46:10.285 -> -78, 02,01,06,07,16,09,18,D3,30,00,FE,04,16,0F,18,03,08,09,48,4F,52,4E,45,54,35
15:46:10.332 -> -78, 02,01,06,07,16,09,18,D3,30,00,FE,04,16,0F,18,03,08,09,48,4F,52,4E,45,54,35
15:46:10.332 -> -78, 02,01,06,07,16,09,18,D3,30,00,FE,04,16,0F,18,03,08,09,48,4F,52,4E,45,54,35
15:46:10.425 -> -80, 02,01,06,07,16,09,18,D3,30,00,FE,04,16,0F,18,03,08,09,48,4F,52,4E,45,54,35
15:46:10.472 -> -79, 02,01,06,07,16,09,18,D3,30,00,FE,04,16,0F,18,03,08,09,48,4F,52,4E,45,54,35
15:46:10.472 -> -77, 02,01,06,07,16,09,18,D3,30,00,FE,04,16,0F,18,03,08,09,48,4F,52,4E,45,54,35
15:46:10.518 -> -77, 02,01,06,07,16,09,18,D3,30,00,FE,04,16,0F,18,03,08,09,48,4F,52,4E,45,54,35
15:46:10.611 -> -77, 02,01,06,07,16,09,18,D3,30,00,FE,04,16,0F,18,03,08,09,48,4F,52,4E,45,54,35
15:46:10.611 -> -77, 02,01,06,07,16,09,18,D3,30,00,FE,04,16,0F,18,03,08,09,48,4F,52,4E,45,54,35
15:46:10.611 -> -78, 02,01,06,07,16,09,18,D3,30,00,FE,04,16,0F,18,03,08,09,48,4F,52,4E,45,54,35
15:46:10.658 -> -77, 02,01,06,07,16,09,18,D3,30,00,FE,04,16,0F,18,03,08,09,48,4F,52,4E,45,54,35
15:46:10.706 -> -77, 02,01,06,07,16,09,18,D3,30,00,FE,04,16,0F,18,03,08,09,48,4F,52,4E,45,54,35
15:46:10.799 -> -77, 02,01,06,07,16,09,18,D3,30,00,FE,04,16,0F,18,03,08,09,48,4F,52,4E,45,54,35
15:46:10.847 -> -76, 02,01,06,07,16,09,18,D3,30,00,FE,04,16,0F,18,03,08,09,48,4F,52,4E,45,54,35
15:46:10.894 -> -77, 02,01,06,07,16,09,18,D3,30,00,FE,04,16,0F,18,03,08,09,48,4F,52,4E,45,54,35
15:46:10.894 -> -77, 02,01,06,07,16,09,18,D3,30,00,FE,04,16,0F,18,03,08,09,48,4F,52,4E,45,54,35
15:46:10.938 -> -77, 02,01,06,07,16,09,18,D3,30,00,FE,04,16,0F,18,03,08,09,48,4F,52,4E,45,54,35
15:46:10.985 -> -76, 02,01,06,07,16,09,18,D3,30,00,FE,04,16,0F,18,03,08,09,48,4F,52,4E,45,54,35
15:46:10.985 -> -83, 02,01,06,07,16,09,18,D3,30,00,FE,04,16,0F,18,03,08,09,48,4F,52,4E,45,54,35
15:46:11.031 -> -83, 02,01,06,07,16,09,18,D3,30,00,FE,04,16,0F,18,03,08,09,48,4F,52,4E,45,54,35
15:46:11.031 -> -83, 02,01,06,07,16,09,18,D3,30,00,FE,04,16,0F,18,03,08,09,48,4F,52,4E,45,54,35
15:46:11.079 -> -84, 02,01,06,07,16,09,18,D3,30,00,FE,04,16,0F,18,03,08,09,48,4F,52,4E,45,54,35
15:46:11.266 -> -84, 02,01,06,07,16,09,18,D3,30,00,FE,04,16,0F,18,03,08,09,48,4F,52,4E,45,54,35
15:46:11.405 -> -83, 02,01,06,07,16,09,18,D3,30,00,FE,04,16,0F,18,03,08,09,48,4F,52,4E,45,54,35
15:46:11.452 -> -83, 02,01,06,07,16,09,18,D3,30,00,FE,04,16,0F,18,03,08,09,48,4F,52,4E,45,54,35
15:46:11.452 -> -83, 02,01,06,07,16,09,18,D3,30,00,FE,04,16,0F,18,03,08,09,48,4F,52,4E,45,54,35
15:46:11.500 -> -83, 02,01,06,07,16,09,18,D3,30,00,FE,04,16,0F,18,03,08,09,48,4F,52,4E,45,54,35
15:46:11.594 -> -80, 02,01,06,07,16,09,18,D3,30,00,FE,04,16,0F,18,03,08,09,48,4F,52,4E,45,54,35
15:46:11.687 -> -81, 02,01,06,07,16,09,18,D3,30,00,FE,04,16,0F,18,03,08,09,48,4F,52,4E,45,54,35
15:46:11.874 -> -79, 02,01,06,07,16,09,18,D3,30,00,FE,04,16,0F,18,03,08,09,48,4F,52,4E,45,54,35
15:46:11.965 -> -79, 02,01,06,07,16,09,18,D3,30,00,FE,04,16,0F,18,03,08,09,48,4F,52,4E,45,54,35
15:46:12.013 -> -77, 02,01,06,07,16,09,18,D3,30,00,FE,04,16,0F,18,03,08,09,48,4F,52,4E,45,54,35
15:46:12.059 -> -76, 02,01,06,07,16,09,18,D3,30,00,FE,04,16,0F,18,03,08,09,48,4F,52,4E,45,54,35
15:46:12.059 -> -76, 02,01,06,07,16,09,18,D3,30,00,FE,04,16,0F,18,03,08,09,48,4F,52,4E,45,54,35
15:46:12.105 -> -76, 02,01,06,07,16,09,18,D3,30,00,FE,04,16,0F,18,03,08,09,48,4F,52,4E,45,54,35
15:46:12.105 -> -76, 02,01,06,07,16,09,18,D3,30,00,FE,04,16,0F,18,03,08,09,48,4F,52,4E,45,54,35
15:46:12.105 -> -76, 02,01,06,07,16,09,18,D3,30,00,FE,04,16,0F,18,03,08,09,48,4F,52,4E,45,54,35
15:46:12.153 -> -76, 02,01,06,07,16,09,18,D3,30,00,FE,04,16,0F,18,03,08,09,48,4F,52,4E,45,54,35
15:46:12.153 -> -76, 02,01,06,07,16,09,18,D3,30,00,FE,04,16,0F,18,03,08,09,48,4F,52,4E,45,54,35
15:46:12.246 -> -76, 02,01,06,07,16,09,18,D3,30,00,FE,04,16,0F,18,03,08,09,48,4F,52,4E,45,54,35
15:46:12.292 -> -76, 02,01,06,07,16,09,18,D3,30,00,FE,04,16,0F,18,03,08,09,48,4F,52,4E,45,54,35
15:46:12.339 -> -76, 02,01,06,07,16,09,18,D3,30,00,FE,04,16,0F,18,03,08,09,48,4F,52,4E,45,54,35
15:46:12.339 -> -76, 02,01,06,07,16,09,18,D3,30,00,FE,04,16,0F,18,03,08,09,48,4F,52,4E,45,54,35
15:46:12.339 -> -76, 02,01,06,07,16,09,18,D3,30,00,FE,04,16,0F,18,03,08,09,48,4F,52,4E,45,54,35
15:46:12.339 -> -76, 02,01,06,07,16,09,18,D3,30,00,FE,04,16,0F,18,03,08,09,48,4F,52,4E,45,54,35
15:46:12.385 -> -75, 02,01,06,07,16,09,18,D3,30,00,FE,04,16,0F,18,03,08,09,48,4F,52,4E,45,54,35
15:46:12.385 -> -75, 02,01,06,07,16,09,18,D3,30,00,FE,04,16,0F,18,03,08,09,48,4F,52,4E,45,54,35
15:46:12.433 -> -76, 02,01,06,07,16,09,18,D3,30,00,FE,04,16,0F,18,03,08,09,48,4F,52,4E,45,54,35
15:46:12.433 -> -75, 02,01,06,07,16,09,18,D3,30,00,FE,04,16,0F,18,03,08,09,48,4F,52,4E,45,54,35
15:46:12.433 -> -76, 02,01,06,07,16,09,18,D3,30,00,FE,04,16,0F,18,03,08,09,48,4F,52,4E,45,54,35
15:46:12.482 -> -76, 02,01,06,07,16,09,18,D3,30,00,FE,04,16,0F,18,03,08,09,48,4F,52,4E,45,54,35
15:46:12.482 -> -76, 02,01,06,07,16,09,18,D3,30,00,FE,04,16,0F,18,03,08,09,48,4F,52,4E,45,54,35
15:46:12.482 -> -75, 02,01,06,07,16,09,18,D3,30,00,FE,04,16,0F,18,03,08,09,48,4F,52,4E,45,54,35
15:46:12.666 -> -84, 02,01,06,07,16,09,18,D3,30,00,FE,04,16,0F,18,03,08,09,48,4F,52,4E,45,54,35
15:46:12.901 -> -84, 02,01,06,07,16,09,18,D3,30,00,FE,04,16,0F,18,03,08,09,48,4F,52,4E,45,54,35
15:46:13.041 -> -80, 02,01,06,07,16,09,18,D3,30,00,FE,04,16,0F,18,03,08,09,48,4F,52,4E,45,54,35
15:46:13.089 -> -81, 02,01,06,07,16,09,18,D3,30,00,FE,04,16,0F,18,03,08,09,48,4F,52,4E,45,54,35
15:46:13.506 -> -76, 02,01,06,07,16,09,18,D3,30,00,FE,04,16,0F,18,03,08,09,48,4F,52,4E,45,54,35
15:46:13.553 -> -76, 02,01,06,07,16,09,18,D3,30,00,FE,04,16,0F,18,03,08,09,48,4F,52,4E,45,54,35
15:46:13.599 -> -76, 02,01,06,07,16,09,18,D3,30,00,FE,04,16,0F,18,03,08,09,48,4F,52,4E,45,54,35
15:46:13.599 -> -76, 02,01,06,07,16,09,18,D3,30,00,FE,04,16,0F,18,03,08,09,48,4F,52,4E,45,54,35
15:46:13.599 -> -76, 02,01,06,07,16,09,18,D3,30,00,FE,04,16,0F,18,03,08,09,48,4F,52,4E,45,54,35
15:46:13.646 -> -76, 02,01,06,07,16,09,18,D3,30,00,FE,04,16,0F,18,03,08,09,48,4F,52,4E,45,54,35
15:46:13.741 -> -75, 02,01,06,07,16,09,18,D3,30,00,FE,04,16,0F,18,03,08,09,48,4F,52,4E,45,54,35
15:46:13.741 -> -76, 02,01,06,07,16,09,18,D3,30,00,FE,04,16,0F,18,03,08,09,48,4F,52,4E,45,54,35
15:46:13.788 -> -76, 02,01,06,07,16,09,18,D3,30,00,FE,04,16,0F,18,03,08,09,48,4F,52,4E,45,54,35
15:46:13.788 -> -76, 02,01,06,07,16,09,18,D3,30,00,FE,04,16,0F,18,03,08,09,48,4F,52,4E,45,54,35
15:46:13.834 -> -76, 02,01,06,07,16,09,18,D3,30,00,FE,04,16,0F,18,03,08,09,48,4F,52,4E,45,54,35
15:46:13.834 -> -76, 02,01,06,07,16,09,18,D3,30,00,FE,04,16,0F,18,03,08,09,48,4F,52,4E,45,54,35
15:46:13.834 -> -76, 02,01,06,07,16,09,18,D3,30,00,FE,04,16,0F,18,03,08,09,48,4F,52,4E,45,54,35
15:46:13.880 -> -76, 02,01,06,07,16,09,18,D3,30,00,FE,04,16,0F,18,03,08,09,48,4F,52,4E,45,54,35
15:46:13.880 -> -76, 02,01,06,07,16,09,18,D3,30,00,FE,04,16,0F,18,03,08,09,48,4F,52,4E,45,54,35
15:46:13.880 -> -76, 02,01,06,07,16,09,18,D3,30,00,FE,04,16,0F,18,03,08,09,48,4F,52,4E,45,54,35
15:46:13.880 -> -76, 02,01,06,07,16,09,18,D3,30,00,FE,04,16,0F,18,03,08,09,48,4F,52,4E,45,54,35
15:46:13.926 -> -76, 02,01,06,07,16,09,18,D3,30,00,FE,04,16,0F,18,03,08,09,48,4F,52,4E,45,54,35
15:46:13.926 -> -76, 02,01,06,07,16,09,18,D3,30,00,FE,04,16,0F,18,03,08,09,48,4F,52,4E,45,54,35
15:46:13.973 -> -76, 02,01,06,07,16,09,18,D3,30,00,FE,04,16,0F,18,03,08,09,48,4F,52,4E,45,54,35
15:46:13.973 -> -76, 02,01,06,07,16,09,18,D3,30,00,FE,04,16,0F,18,03,08,09,48,4F,52,4E,45,54,35
15:46:14.158 -> -82, 02,01,06,07,16,09,18,D3,30,00,FE,04,16,0F,18,03,08,09,48,4F,52,4E,45,54,35
15:46:14.205 -> -82, 02,01,06,07,16,09,18,D3,30,00,FE,04,16,0F,18,03,08,09,48,4F,52,4E,45,54,35
15:46:14.299 -> -83, 02,01,06,07,16,09,18,D3,30,00,FE,04,16,0F,18,03,08,09,48,4F,52,4E,45,54,35
15:46:14.299 -> -83, 02,01,06,07,16,09,18,D3,30,00,FE,04,16,0F,18,03,08,09,48,4F,52,4E,45,54,35
15:46:14.345 -> -84, 02,01,06,07,16,09,18,D3,30,00,FE,04,16,0F,18,03,08,09,48,4F,52,4E,45,54,35
15:46:14.533 -> -81, 02,01,06,07,16,09,18,D3,30,00,FE,04,16,0F,18,03,08,09,48,4F,52,4E,45,54,35
15:46:14.627 -> -81, 02,01,06,07,16,09,18,D3,30,00,FE,04,16,0F,18,03,08,09,48,4F,52,4E,45,54,35
15:46:14.861 -> -81, 02,01,06,07,16,09,18,D3,30,00,FE,04,16,0F,18,03,08,09,48,4F,52,4E,45,54,35
15:46:15.002 -> -75, 02,01,06,07,16,09,18,D3,30,00,FE,04,16,0F,18,03,08,09,48,4F,52,4E,45,54,35
15:46:15.050 -> -76, 02,01,06,07,16,09,18,D3,30,00,FE,04,16,0F,18,03,08,09,48,4F,52,4E,45,54,35
15:46:15.050 -> -75, 02,01,06,07,16,09,18,D3,30,00,FE,04,16,0F,18,03,08,09,48,4F,52,4E,45,54,35
15:46:15.050 -> -75, 02,01,06,07,16,09,18,D3,30,00,FE,04,16,0F,18,03,08,09,48,4F,52,4E,45,54,35
15:46:15.096 -> -75, 02,01,06,07,16,09,18,D3,30,00,FE,04,16,0F,18,03,08,09,48,4F,52,4E,45,54,35
15:46:15.096 -> -74, 02,01,06,07,16,09,18,D3,30,00,FE,04,16,0F,18,03,08,09,48,4F,52,4E,45,54,35
15:46:15.143 -> -75, 02,01,06,07,16,09,18,D3,30,00,FE,04,16,0F,18,03,08,09,48,4F,52,4E,45,54,35
15:46:15.143 -> -76, 02,01,06,07,16,09,18,D3,30,00,FE,04,16,0F,18,03,08,09,48,4F,52,4E,45,54,35
15:46:15.143 -> -75, 02,01,06,07,16,09,18,D3,30,00,FE,04,16,0F,18,03,08,09,48,4F,52,4E,45,54,35
15:46:15.190 -> -75, 02,01,06,07,16,09,18,D3,30,00,FE,04,16,0F,18,03,08,09,48,4F,52,4E,45,54,35
15:46:15.190 -> -76, 02,01,06,07,16,09,18,D3,30,00,FE,04,16,0F,18,03,08,09,48,4F,52,4E,45,54,35
15:46:15.282 -> -76, 02,01,06,07,16,09,18,D3,30,00,FE,04,16,0F,18,04,08,09,48,4F,52,4E,45,54,35
15:46:15.282 -> -75, 02,01,06,07,16,09,18,D3,30,00,FE,04,16,0F,18,04,08,09,48,4F,52,4E,45,54,35
15:46:15.282 -> -76, 02,01,06,07,16,09,18,D3,30,00,FE,04,16,0F,18,04,08,09,48,4F,52,4E,45,54,35
15:46:15.329 -> -75, 02,01,06,07,16,09,18,D3,30,00,FE,04,16,0F,18,04,08,09,48,4F,52,4E,45,54,35
15:46:15.329 -> -75, 02,01,06,07,16,09,18,D3,30,00,FE,04,16,0F,18,04,08,09,48,4F,52,4E,45,54,35
15:46:15.329 -> -75, 02,01,06,07,16,09,18,D3,30,00,FE,04,16,0F,18,04,08,09,48,4F,52,4E,45,54,35
15:46:15.376 -> -75, 02,01,06,07,16,09,18,D3,30,00,FE,04,16,0F,18,04,08,09,48,4F,52,4E,45,54,35
15:46:15.376 -> -75, 02,01,06,07,16,09,18,D3,30,00,FE,04,16,0F,18,04,08,09,48,4F,52,4E,45,54,35
15:46:15.421 -> -75, 02,01,06,07,16,09,18,D3,30,00,FE,04,16,0F,18,04,08,09,48,4F,52,4E,45,54,35
15:46:15.468 -> -76, 02,01,06,07,16,09,18,D3,30,00,FE,04,16,0F,18,04,08,09,48,4F,52,4E,45,54,35
15:46:15.468 -> -75, 02,01,06,07,16,09,18,D3,30,00,FE,04,16,0F,18,04,08,09,48,4F,52,4E,45,54,35
15:46:15.515 -> -83, 02,01,06,07,16,09,18,D3,30,00,FE,04,16,0F,18,04,08,09,48,4F,52,4E,45,54,35
15:46:15.562 -> -83, 02,01,06,07,16,09,18,D3,30,00,FE,04,16,0F,18,04,08,09,48,4F,52,4E,45,54,35
15:46:15.656 -> -83, 02,01,06,07,16,09,18,D3,30,00,FE,04,16,0F,18,04,08,09,48,4F,52,4E,45,54,35
15:46:15.704 -> -83, 02,01,06,07,16,09,18,D3,30,00,FE,04,16,0F,18,04,08,09,48,4F,52,4E,45,54,35
15:46:15.704 -> -84, 02,01,06,07,16,09,18,D3,30,00,FE,04,16,0F,18,04,08,09,48,4F,52,4E,45,54,35
15:46:15.749 -> -82, 02,01,06,07,16,09,18,D3,30,00,FE,04,16,0F,18,04,08,09,48,4F,52,4E,45,54,35
15:46:15.796 -> -83, 02,01,06,07,16,09,18,D3,30,00,FE,04,16,0F,18,04,08,09,48,4F,52,4E,45,54,35
15:46:15.796 -> -83, 02,01,06,07,16,09,18,D3,30,00,FE,04,16,0F,18,04,08,09,48,4F,52,4E,45,54,35
15:46:15.984 -> -83, 02,01,06,07,16,09,18,D3,30,00,FE,04,16,0F,18,04,08,09,48,4F,52,4E,45,54,35
15:46:16.031 -> -81, 02,01,06,07,16,09,18,D3,30,00,FE,04,16,0F,18,04,08,09,48,4F,52,4E,45,54,35
15:46:16.265 -> -81, 02,01,06,07,16,09,18,D3,30,00,FE,04,16,0F,18,04,08,09,48,4F,52,4E,45,54,35
15:46:16.357 -> -81, 02,01,06,07,16,09,18,D3,30,00,FE,04,16,0F,18,04,08,09,48,4F,52,4E,45,54,35
15:46:16.453 -> -81, 02,01,06,07,16,09,18,D3,30,00,FE,04,16,0F,18,04,08,09,48,4F,52,4E,45,54,35
15:46:16.500 -> -76, 02,01,06,07,16,09,18,D3,30,00,FE,04,16,0F,18,04,08,09,48,4F,52,4E,45,54,35
15:46:16.545 -> -75, 02,01,06,07,16,09,18,D3,30,00,FE,04,16,0F,18,04,08,09,48,4F,52,4E,45,54,35
15:46:16.592 -> -75, 02,01,06,07,16,09,18,D3,30,00,FE,04,16,0F,18,04,08,09,48,4F,52,4E,45,54,35
15:46:16.639 -> -76, 02,01,06,07,16,09,18,D3,30,00,FE,04,16,0F,18,04,08,09,48,4F,52,4E,45,54,35
15:46:16.639 -> -76, 02,01,06,07,16,09,18,D3,30,00,FE,04,16,0F,18,04,08,09,48,4F,52,4E,45,54,35
15:46:16.686 -> -76, 02,01,06,07,16,09,18,D3,30,00,FE,04,16,0F,18,04,08,09,48,4F,52,4E,45,54,35
15:46:16.686 -> -76, 02,01,06,07,16,09,18,D3,30,00,FE,04,16,0F,18,04,08,09,48,4F,52,4E,45,54,35
15:46:16.732 -> -75, 02,01,06,07,16,09,18,D3,30,00,FE,04,16,0F,18,04,08,09,48,4F,52,4E,45,54,35
15:46:16.732 -> -76, 02,01,06,07,16,09,18,D3,30,00,FE,04,16,0F,18,04,08,09,48,4F,52,4E,45,54,35
15:46:16.779 -> -76, 02,01,06,07,16,09,18,D3,30,00,FE,04,16,0F,18,04,08,09,48,4F,52,4E,45,54,35
15:46:16.779 -> -76, 02,01,06,07,16,09,18,D3,30,00,FE,04,16,0F,18,04,08,09,48,4F,52,4E,45,54,35
15:46:16.779 -> -76, 02,01,06,07,16,09,18,D3,30,00,FE,04,16,0F,18,04,08,09,48,4F,52,4E,45,54,35
15:46:16.779 -> -75, 02,01,06,07,16,09,18,D3,30,00,FE,04,16,0F,18,04,08,09,48,4F,52,4E,45,54,35
15:46:16.827 -> -76, 02,01,06,07,16,09,18,D3,30,00,FE,04,16,0F,18,04,08,09,48,4F,52,4E,45,54,35
15:46:16.919 -> -76, 02,01,06,07,16,09,18,D3,30,00,FE,04,16,0F,18,04,08,09,48,4F,52,4E,45,54,35
15:46:16.919 -> -76, 02,01,06,07,16,09,18,D3,30,00,FE,04,16,0F,18,04,08,09,48,4F,52,4E,45,54,35
15:46:16.966 -> -76, 02,01,06,07,16,09,18,D3,30,00,FE,04,16,0F,18,04,08,09,48,4F,52,4E,45,54,35
15:46:17.014 -> -83, 02,01,06,07,16,09,18,D3,30,00,FE,04,16,0F,18,04,08,09,48,4F,52,4E,45,54,35
15:46:17.014 -> -83, 02,01,06,07,16,09,18,D3,30,00,FE,04,16,0F,18,04,08,09,48,4F,52,4E,45,54,35
15:46:17.061 -> -82, 02,01,06,07,16,09,18,D3,30,00,FE,04,16,0F,18,04,08,09,48,4F,52,4E,45,54,35
15:46:17.247 -> -83, 02,01,06,07,16,09,18,D3,30,00,FE,04,16,0F,18,03,08,09,48,4F,52,4E,45,54,35
15:46:17.294 -> -83, 02,01,06,07,16,09,18,D3,30,00,FE,04,16,0F,18,03,08,09,48,4F,52,4E,45,54,35
15:46:17.342 -> -83, 02,01,06,07,16,09,18,D3,30,00,FE,04,16,0F,18,03,08,09,48,4F,52,4E,45,54,35
15:46:17.390 -> -83, 02,01,06,07,16,09,18,D3,30,00,FE,04,16,0F,18,03,08,09,48,4F,52,4E,45,54,35
15:46:17.437 -> -83, 02,01,06,07,16,09,18,D3,30,00,FE,04,16,0F,18,03,08,09,48,4F,52,4E,45,54,35
15:46:17.437 -> -83, 02,01,06,07,16,09,18,D3,30,00,FE,04,16,0F,18,03,08,09,48,4F,52,4E,45,54,35
15:46:17.437 -> -84, 02,01,06,07,16,09,18,D3,30,00,FE,04,16,0F,18,03,08,09,48,4F,52,4E,45,54,35
15:46:17.483 -> -82, 02,01,06,07,16,09,18,D3,30,00,FE,04,16,0F,18,03,08,09,48,4F,52,4E,45,54,35
15:46:17.576 -> -81, 02,01,06,07,16,09,18,D3,30,00,FE,04,16,0F,18,03,08,09,48,4F,52,4E,45,54,35
15:46:17.623 -> -81, 02,01,06,07,16,09,18,D3,30,00,FE,04,16,0F,18,03,08,09,48,4F,52,4E,45,54,35
15:46:17.715 -> -80, 02,01,06,07,16,09,18,D3,30,00,FE,04,16,0F,18,03,08,09,48,4F,52,4E,45,54,35
15:46:17.715 -> -81, 02,01,06,07,16,09,18,D3,30,00,FE,04,16,0F,18,03,08,09,48,4F,52,4E,45,54,35
15:46:17.951 -> -80, 02,01,06,07,16,09,18,D3,30,00,FE,04,16,0F,18,03,08,09,48,4F,52,4E,45,54,35
15:46:17.951 -> -81, 02,01,06,07,16,09,18,D3,30,00,FE,04,16,0F,18,03,08,09,48,4F,52,4E,45,54,35
15:46:17.997 -> -76, 02,01,06,07,16,09,18,D3,30,00,FE,04,16,0F,18,03,08,09,48,4F,52,4E,45,54,35
15:46:18.045 -> -76, 02,01,06,07,16,09,18,D3,30,00,FE,04,16,0F,18,03,08,09,48,4F,52,4E,45,54,35
15:46:18.091 -> -75, 02,01,06,07,16,09,18,D3,30,00,FE,04,16,0F,18,03,08,09,48,4F,52,4E,45,54,35
15:46:18.091 -> -76, 02,01,06,07,16,09,18,D3,30,00,FE,04,16,0F,18,03,08,09,48,4F,52,4E,45,54,35
15:46:18.091 -> -77, 02,01,06,07,16,09,18,D3,30,00,FE,04,16,0F,18,03,08,09,48,4F,52,4E,45,54,35
15:46:18.137 -> -76, 02,01,06,07,16,09,18,D3,30,00,FE,04,16,0F,18,03,08,09,48,4F,52,4E,45,54,35
15:46:18.185 -> -76, 02,01,06,07,16,09,18,D3,30,00,FE,04,16,0F,18,03,08,09,48,4F,52,4E,45,54,35
15:46:18.278 -> -76, 02,01,06,07,16,09,18,D3,30,00,FE,04,16,0F,18,04,08,09,48,4F,52,4E,45,54,35
15:46:18.278 -> -75, 02,01,06,07,16,09,18,D3,30,00,FE,04,16,0F,18,04,08,09,48,4F,52,4E,45,54,35
15:46:18.325 -> -75, 02,01,06,07,16,09,18,D3,30,00,FE,04,16,0F,18,04,08,09,48,4F,52,4E,45,54,35
15:46:18.372 -> -75, 02,01,06,07,16,09,18,D3,30,00,FE,04,16,0F,18,04,08,09,48,4F,52,4E,45,54,35
15:46:18.372 -> -76, 02,01,06,07,16,09,18,D3,30,00,FE,04,16,0F,18,04,08,09,48,4F,52,4E,45,54,35
15:46:18.418 -> -76, 02,01,06,07,16,09,18,D3,30,00,FE,04,16,0F,18,04,08,09,48,4F,52,4E,45,54,35
15:46:18.418 -> -75, 02,01,06,07,16,09,18,D3,30,00,FE,04,16,0F,18,04,08,09,48,4F,52,4E,45,54,35
15:46:18.418 -> -75, 02,01,06,07,16,09,18,D3,30,00,FE,04,16,0F,18,04,08,09,48,4F,52,4E,45,54,35
15:46:18.418 -> -75, 02,01,06,07,16,09,18,D3,30,00,FE,04,16,0F,18,04,08,09,48,4F,52,4E,45,54,35
15:46:18.465 -> -75, 02,01,06,07,16,09,18,D3,30,00,FE,04,16,0F,18,04,08,09,48,4F,52,4E,45,54,35
15:46:18.512 -> -75, 02,01,06,07,16,09,18,D3,30,00,FE,04,16,0F,18,04,08,09,48,4F,52,4E,45,54,35
15:46:18.512 -> -83, 02,01,06,07,16,09,18,D3,30,00,FE,04,16,0F,18,04,08,09,48,4F,52,4E,45,54,35
15:46:18.605 -> -83, 02,01,06,07,16,09,18,D3,30,00,FE,04,16,0F,18,04,08,09,48,4F,52,4E,45,54,35
15:46:18.652 -> -82, 02,01,06,07,16,09,18,D3,30,00,FE,04,16,0F,18,04,08,09,48,4F,52,4E,45,54,35
15:46:18.746 -> -83, 02,01,06,07,16,09,18,D3,30,00,FE,04,16,0F,18,04,08,09,48,4F,52,4E,45,54,35
15:46:18.746 -> -83, 02,01,06,07,16,09,18,D3,30,00,FE,04,16,0F,18,04,08,09,48,4F,52,4E,45,54,35
15:46:18.793 -> -83, 02,01,06,07,16,09,18,D3,30,00,FE,04,16,0F,18,04,08,09,48,4F,52,4E,45,54,35
15:46:18.793 -> -83, 02,01,06,07,16,09,18,D3,30,00,FE,04,16,0F,18,04,08,09,48,4F,52,4E,45,54,35
15:46:18.840 -> -83, 02,01,06,07,16,09,18,D3,30,00,FE,04,16,0F,18,04,08,09,48,4F,52,4E,45,54,35
15:46:18.886 -> -83, 02,01,06,07,16,09,18,D3,30,00,FE,04,16,0F,18,04,08,09,48,4F,52,4E,45,54,35
15:46:18.886 -> -83, 02,01,06,07,16,09,18,D3,30,00,FE,04,16,0F,18,04,08,09,48,4F,52,4E,45,54,35
15:46:18.886 -> -82, 02,01,06,07,16,09,18,D3,30,00,FE,04,16,0F,18,04,08,09,48,4F,52,4E,45,54,35
15:46:18.933 -> -83, 02,01,06,07,16,09,18,D3,30,00,FE,04,16,0F,18,04,08,09,48,4F,52,4E,45,54,35
15:46:18.933 -> -83, 02,01,06,07,16,09,18,D3,30,00,FE,04,16,0F,18,04,08,09,48,4F,52,4E,45,54,35
15:46:19.073 -> -81, 02,01,06,07,16,09,18,D3,30,00,FE,04,16,0F,18,04,08,09,48,4F,52,4E,45,54,35
15:46:19.121 -> -81, 02,01,06,07,16,09,18,D3,30,00,FE,04,16,0F,18,04,08,09,48,4F,52,4E,45,54,35
15:46:19.497 -> -75, 02,01,06,07,16,09,18,D3,30,00,FE,04,16,0F,18,04,08,09,48,4F,52,4E,45,54,35
15:46:19.543 -> -75, 02,01,06,07,16,09,18,D3,30,00,FE,04,16,0F,18,04,08,09,48,4F,52,4E,45,54,35
15:46:19.590 -> -74, 02,01,06,07,16,09,18,D3,30,00,FE,04,16,0F,18,04,08,09,48,4F,52,4E,45,54,35
15:46:19.590 -> -74, 02,01,06,07,16,09,18,D3,30,00,FE,04,16,0F,18,04,08,09,48,4F,52,4E,45,54,35
15:46:19.636 -> -75, 02,01,06,07,16,09,18,D3,30,00,FE,04,16,0F,18,04,08,09,48,4F,52,4E,45,54,35
15:46:19.636 -> -75, 02,01,06,07,16,09,18,D3,30,00,FE,04,16,0F,18,04,08,09,48,4F,52,4E,45,54,35
15:46:19.636 -> -75, 02,01,06,07,16,09,18,D3,30,00,FE,04,16,0F,18,04,08,09,48,4F,52,4E,45,54,35
15:46:19.683 -> -75, 02,01,06,07,16,09,18,D3,30,00,FE,04,16,0F,18,04,08,09,48,4F,52,4E,45,54,35
15:46:19.683 -> -75, 02,01,06,07,16,09,18,D3,30,00,FE,04,16,0F,18,04,08,09,48,4F,52,4E,45,54,35
15:46:19.683 -> -75, 02,01,06,07,16,09,18,D3,30,00,FE,04,16,0F,18,04,08,09,48,4F,52,4E,45,54,35
15:46:19.683 -> -75, 02,01,06,07,16,09,18,D3,30,00,FE,04,16,0F,18,04,08,09,48,4F,52,4E,45,54,35
15:46:19.730 -> -75, 02,01,06,07,16,09,18,D3,30,00,FE,04,16,0F,18,04,08,09,48,4F,52,4E,45,54,35
15:46:19.730 -> -75, 02,01,06,07,16,09,18,D3,30,00,FE,04,16,0F,18,04,08,09,48,4F,52,4E,45,54,35
15:46:19.730 -> -75, 02,01,06,07,16,09,18,D3,30,00,FE,04,16,0F,18,04,08,09,48,4F,52,4E,45,54,35
15:46:19.778 -> -75, 02,01,06,07,16,09,18,D3,30,00,FE,04,16,0F,18,04,08,09,48,4F,52,4E,45,54,35
15:46:19.778 -> -76, 02,01,06,07,16,09,18,D3,30,00,FE,04,16,0F,18,04,08,09,48,4F,52,4E,45,54,35
15:46:19.824 -> -75, 02,01,06,07,16,09,18,D3,30,00,FE,04,16,0F,18,04,08,09,48,4F,52,4E,45,54,35
15:46:19.824 -> -75, 02,01,06,07,16,09,18,D3,30,00,FE,04,16,0F,18,04,08,09,48,4F,52,4E,45,54,35
15:46:19.824 -> -75, 02,01,06,07,16,09,18,D3,30,00,FE,04,16,0F,18,04,08,09,48,4F,52,4E,45,54,35
15:46:19.871 -> -76, 02,01,06,07,16,09,18,D3,30,00,FE,04,16,0F,18,04,08,09,48,4F,52,4E,45,54,35
15:46:19.917 -> -75, 02,01,06,07,16,09,18,D3,30,00,FE,04,16,0F,18,04,08,09,48,4F,52,4E,45,54,35
15:46:19.917 -> -76, 02,01,06,07,16,09,18,D3,30,00,FE,04,16,0F,18,04,08,09,48,4F,52,4E,45,54,35
15:46:19.964 -> -75, 02,01,06,07,16,09,18,D3,30,00,FE,04,16,0F,18,04,08,09,48,4F,52,4E,45,54,35
15:46:19.964 -> -75, 02,01,06,07,16,09,18,D3,30,00,FE,04,16,0F,18,04,08,09,48,4F,52,4E,45,54,35
15:46:19.964 -> -75, 02,01,06,07,16,09,18,D3,30,00,FE,04,16,0F,18,04,08,09,48,4F,52,4E,45,54,35
15:46:20.011 -> -83, 02,01,06,07,16,09,18,D3,30,00,FE,04,16,0F,18,04,08,09,48,4F,52,4E,45,54,35
15:46:20.011 -> -83, 02,01,06,07,16,09,18,D3,30,00,FE,04,16,0F,18,04,08,09,48,4F,52,4E,45,54,35
15:46:20.059 -> -83, 02,01,06,07,16,09,18,D3,30,00,FE,04,16,0F,18,04,08,09,48,4F,52,4E,45,54,35
15:46:20.059 -> -82, 02,01,06,07,16,09,18,D3,30,00,FE,04,16,0F,18,04,08,09,48,4F,52,4E,45,54,35
15:46:20.059 -> -83, 02,01,06,07,16,09,18,D3,30,00,FE,04,16,0F,18,04,08,09,48,4F,52,4E,45,54,35
15:46:20.106 -> -83, 02,01,06,07,16,09,18,D3,30,00,FE,04,16,0F,18,04,08,09,48,4F,52,4E,45,54,35
15:46:20.106 -> -83, 02,01,06,07,16,09,18,D3,30,00,FE,04,16,0F,18,04,08,09,48,4F,52,4E,45,54,35
15:46:20.106 -> -82, 02,01,06,07,16,09,18,D3,30,00,FE,04,16,0F,18,04,08,09,48,4F,52,4E,45,54,35
15:46:20.154 -> -83, 02,01,06,07,16,09,18,D3,30,00,FE,04,16,0F,18,04,08,09,48,4F,52,4E,45,54,35
15:46:20.154 -> -82, 02,01,06,07,16,09,18,D3,30,00,FE,04,16,0F,18,04,08,09,48,4F,52,4E,45,54,35
15:46:20.154 -> -83, 02,01,06,07,16,09,18,D3,30,00,FE,04,16,0F,18,04,08,09,48,4F,52,4E,45,54,35
15:46:20.201 -> -82, 02,01,06,07,16,09,18,D3,30,00,FE,04,16,0F,18,04,08,09,48,4F,52,4E,45,54,35
15:46:20.247 -> -83, 02,01,06,07,16,09,18,D3,30,00,FE,04,16,0F,18,04,08,09,48,4F,52,4E,45,54,35
15:46:20.247 -> -82, 02,01,06,07,16,09,18,D3,30,00,FE,04,16,0F,18,04,08,09,48,4F,52,4E,45,54,35
15:46:20.390 -> -82, 02,01,06,07,16,09,18,D3,30,00,FE,04,16,0F,18,04,08,09,48,4F,52,4E,45,54,35
15:46:20.390 -> -83, 02,01,06,07,16,09,18,D3,30,00,FE,04,16,0F,18,04,08,09,48,4F,52,4E,45,54,35
15:46:20.435 -> -83, 02,01,06,07,16,09,18,D3,30,00,FE,04,16,0F,18,04,08,09,48,4F,52,4E,45,54,35
15:46:20.527 -> -81, 02,01,06,07,16,09,18,D3,30,00,FE,04,16,0F,18,04,08,09,48,4F,52,4E,45,54,35
15:46:20.527 -> -81, 02,01,06,07,16,09,18,D3,30,00,FE,04,16,0F,18,04,08,09,48,4F,52,4E,45,54,35
15:46:20.574 -> -81, 02,01,06,07,16,09,18,D3,30,00,FE,04,16,0F,18,04,08,09,48,4F,52,4E,45,54,35
15:46:20.621 -> -81, 02,01,06,07,16,09,18,D3,30,00,FE,04,16,0F,18,04,08,09,48,4F,52,4E,45,54,35
15:46:20.668 -> -81, 02,01,06,07,16,09,18,D3,30,00,FE,04,16,0F,18,04,08,09,48,4F,52,4E,45,54,35
15:46:20.763 -> -81, 02,01,06,07,16,09,18,D3,30,00,FE,04,16,0F,18,04,08,09,48,4F,52,4E,45,54,35
15:46:20.856 -> -81, 02,01,06,07,16,09,18,D3,30,00,FE,04,16,0F,18,04,08,09,48,4F,52,4E,45,54,35
15:46:20.856 -> -82, 02,01,06,07,16,09,18,D3,30,00,FE,04,16,0F,18,04,08,09,48,4F,52,4E,45,54,35
15:46:20.997 -> -75, 02,01,06,07,16,09,18,D3,30,00,FE,04,16,0F,18,04,08,09,48,4F,52,4E,45,54,35
15:46:21.044 -> -75, 02,01,06,07,16,09,18,D3,30,00,FE,04,16,0F,18,04,08,09,48,4F,52,4E,45,54,35
15:46:21.044 -> -75, 02,01,06,07,16,09,18,D3,30,00,FE,04,16,0F,18,04,08,09,48,4F,52,4E,45,54,35
15:46:21.044 -> -75, 02,01,06,07,16,09,18,D3,30,00,FE,04,16,0F,18,04,08,09,48,4F,52,4E,45,54,35
15:46:21.044 -> -74, 02,01,06,07,16,09,18,D3,30,00,FE,04,16,0F,18,04,08,09,48,4F,52,4E,45,54,35
15:46:21.091 -> -75, 02,01,06,07,16,09,18,D3,30,00,FE,04,16,0F,18,04,08,09,48,4F,52,4E,45,54,35
15:46:21.091 -> -75, 02,01,06,07,16,09,18,D3,30,00,FE,04,16,0F,18,04,08,09,48,4F,52,4E,45,54,35
15:46:21.139 -> -75, 02,01,06,07,16,09,18,D3,30,00,FE,04,16,0F,18,04,08,09,48,4F,52,4E,45,54,35
15:46:21.139 -> -75, 02,01,06,07,16,09,18,D3,30,00,FE,04,16,0F,18,04,08,09,48,4F,52,4E,45,54,35
15:46:21.139 -> -75, 02,01,06,07,16,09,18,D3,30,00,FE,04,16,0F,18,04,08,09,48,4F,52,4E,45,54,35
15:46:21.185 -> -75, 02,01,06,07,16,09,18,D3,30,00,FE,04,16,0F,18,04,08,09,48,4F,52,4E,45,54,35
15:46:21.185 -> -75, 02,01,06,07,16,09,18,D3,30,00,FE,04,16,0F,18,04,08,09,48,4F,52,4E,45,54,35
15:46:21.185 -> -75, 02,01,06,07,16,09,18,D3,30,00,FE,04,16,0F,18,04,08,09,48,4F,52,4E,45,54,35
15:46:21.233 -> -75, 02,01,06,07,16,09,18,D3,30,00,FE,04,16,0F,18,04,08,09,48,4F,52,4E,45,54,35
15:46:21.233 -> -75, 02,01,06,07,16,09,18,D3,30,00,FE,04,16,0F,18,04,08,09,48,4F,52,4E,45,54,35
15:46:21.233 -> -75, 02,01,06,07,16,09,18,D3,30,00,FE,04,16,0F,18,04,08,09,48,4F,52,4E,45,54,35
15:46:21.279 -> -75, 02,01,06,07,16,09,18,D3,30,00,FE,04,16,0F,18,04,08,09,48,4F,52,4E,45,54,35
15:46:21.279 -> -75, 02,01,06,07,16,09,18,D3,30,00,FE,04,16,0F,18,04,08,09,48,4F,52,4E,45,54,35
15:46:21.326 -> -75, 02,01,06,07,16,09,18,D3,30,00,FE,04,16,0F,18,04,08,09,48,4F,52,4E,45,54,35
15:46:21.326 -> -75, 02,01,06,07,16,09,18,D3,30,00,FE,04,16,0F,18,04,08,09,48,4F,52,4E,45,54,35
15:46:21.373 -> -75, 02,01,06,07,16,09,18,D3,30,00,FE,04,16,0F,18,04,08,09,48,4F,52,4E,45,54,35
15:46:21.373 -> -75, 02,01,06,07,16,09,18,D3,30,00,FE,04,16,0F,18,04,08,09,48,4F,52,4E,45,54,35
15:46:21.420 -> -75, 02,01,06,07,16,09,18,D3,30,00,FE,04,16,0F,18,04,08,09,48,4F,52,4E,45,54,35
15:46:21.467 -> -75, 02,01,06,07,16,09,18,D3,30,00,FE,04,16,0F,18,04,08,09,48,4F,52,4E,45,54,35
15:46:21.513 -> -85, 02,01,06,07,16,09,18,D3,30,00,FE,04,16,0F,18,04,08,09,48,4F,52,4E,45,54,35
15:46:21.560 -> -83, 02,01,06,07,16,09,18,D3,30,00,FE,04,16,0F,18,04,08,09,48,4F,52,4E,45,54,35
15:46:21.606 -> -84, 02,01,06,07,16,09,18,D3,30,00,FE,04,16,0F,18,04,08,09,48,4F,52,4E,45,54,35
15:46:21.652 -> -84, 02,01,06,07,16,09,18,D3,30,00,FE,04,16,0F,18,04,08,09,48,4F,52,4E,45,54,35
15:46:21.699 -> -84, 02,01,06,07,16,09,18,D3,30,00,FE,04,16,0F,18,04,08,09,48,4F,52,4E,45,54,35
15:46:21.980 -> -84, 02,01,06,07,16,09,18,D3,30,00,FE,04,16,0F,18,04,08,09,48,4F,52,4E,45,54,35
15:46:22.073 -> -83, 02,01,06,07,16,09,18,D3,30,00,FE,04,16,0F,18,04,08,09,48,4F,52,4E,45,54,35
15:46:22.496 -> -75, 02,01,06,07,16,09,18,D3,30,00,FE,04,16,0F,18,03,08,09,48,4F,52,4E,45,54,35
15:46:22.541 -> -75, 02,01,06,07,16,09,18,D3,30,00,FE,04,16,0F,18,03,08,09,48,4F,52,4E,45,54,35
15:46:22.541 -> -75, 02,01,06,07,16,09,18,D3,30,00,FE,04,16,0F,18,03,08,09,48,4F,52,4E,45,54,35
15:46:22.588 -> -75, 02,01,06,07,16,09,18,D3,30,00,FE,04,16,0F,18,03,08,09,48,4F,52,4E,45,54,35
15:46:22.634 -> -75, 02,01,06,07,16,09,18,D3,30,00,FE,04,16,0F,18,03,08,09,48,4F,52,4E,45,54,35
15:46:22.634 -> -75, 02,01,06,07,16,09,18,D3,30,00,FE,04,16,0F,18,03,08,09,48,4F,52,4E,45,54,35
15:46:22.682 -> -75, 02,01,06,07,16,09,18,D3,30,00,FE,04,16,0F,18,03,08,09,48,4F,52,4E,45,54,35
15:46:22.682 -> -75, 02,01,06,07,16,09,18,D3,30,00,FE,04,16,0F,18,03,08,09,48,4F,52,4E,45,54,35
15:46:22.682 -> -75, 02,01,06,07,16,09,18,D3,30,00,FE,04,16,0F,18,03,08,09,48,4F,52,4E,45,54,35
15:46:22.729 -> -75, 02,01,06,07,16,09,18,D3,30,00,FE,04,16,0F,18,03,08,09,48,4F,52,4E,45,54,35
15:46:22.729 -> -75, 02,01,06,07,16,09,18,D3,30,00,FE,04,16,0F,18,03,08,09,48,4F,52,4E,45,54,35
15:46:22.729 -> -75, 02,01,06,07,16,09,18,D3,30,00,FE,04,16,0F,18,03,08,09,48,4F,52,4E,45,54,35
15:46:22.775 -> -75, 02,01,06,07,16,09,18,D3,30,00,FE,04,16,0F,18,03,08,09,48,4F,52,4E,45,54,35
15:46:22.775 -> -75, 02,01,06,07,16,09,18,D3,30,00,FE,04,16,0F,18,03,08,09,48,4F,52,4E,45,54,35
15:46:22.823 -> -75, 02,01,06,07,16,09,18,D3,30,00,FE,04,16,0F,18,03,08,09,48,4F,52,4E,45,54,35
15:46:22.823 -> -75, 02,01,06,07,16,09,18,D3,30,00,FE,04,16,0F,18,03,08,09,48,4F,52,4E,45,54,35
15:46:22.869 -> -75, 02,01,06,07,16,09,18,D3,30,00,FE,04,16,0F,18,03,08,09,48,4F,52,4E,45,54,35
15:46:22.869 -> -75, 02,01,06,07,16,09,18,D3,30,00,FE,04,16,0F,18,03,08,09,48,4F,52,4E,45,54,35
15:46:22.869 -> -75, 02,01,06,07,16,09,18,D3,30,00,FE,04,16,0F,18,03,08,09,48,4F,52,4E,45,54,35
15:46:22.869 -> -75, 02,01,06,07,16,09,18,D3,30,00,FE,04,16,0F,18,03,08,09,48,4F,52,4E,45,54,35
15:46:22.964 -> -75, 02,01,06,07,16,09,18,D3,30,00,FE,04,16,0F,18,03,08,09,48,4F,52,4E,45,54,35
15:46:22.964 -> -75, 02,01,06,07,16,09,18,D3,30,00,FE,04,16,0F,18,03,08,09,48,4F,52,4E,45,54,35
15:46:23.009 -> -84, 02,01,06,07,16,09,18,D3,30,00,FE,04,16,0F,18,03,08,09,48,4F,52,4E,45,54,35
15:46:23.194 -> -84, 02,01,06,07,16,09,18,D3,30,00,FE,04,16,0F,18,03,08,09,48,4F,52,4E,45,54,35
15:46:23.382 -> -83, 02,01,06,07,16,09,18,D3,30,00,FE,04,16,0F,18,03,08,09,48,4F,52,4E,45,54,35
15:46:23.477 -> -83, 02,01,06,07,16,09,18,D3,30,00,FE,04,16,0F,18,03,08,09,48,4F,52,4E,45,54,35
15:46:23.709 -> -81, 02,01,06,07,16,09,18,D3,30,00,FE,04,16,0F,18,03,08,09,48,4F,52,4E,45,54,35
15:46:23.990 -> -75, 02,01,06,07,16,09,18,D3,30,00,FE,04,16,0F,18,03,08,09,48,4F,52,4E,45,54,35
15:46:24.037 -> -75, 02,01,06,07,16,09,18,D3,30,00,FE,04,16,0F,18,03,08,09,48,4F,52,4E,45,54,35
15:46:24.037 -> -75, 02,01,06,07,16,09,18,D3,30,00,FE,04,16,0F,18,03,08,09,48,4F,52,4E,45,54,35
15:46:24.084 -> -75, 02,01,06,07,16,09,18,D3,30,00,FE,04,16,0F,18,03,08,09,48,4F,52,4E,45,54,35
15:46:24.131 -> -75, 02,01,06,07,16,09,18,D3,30,00,FE,04,16,0F,18,03,08,09,48,4F,52,4E,45,54,35
15:46:24.131 -> -75, 02,01,06,07,16,09,18,D3,30,00,FE,04,16,0F,18,03,08,09,48,4F,52,4E,45,54,35
15:46:24.177 -> -75, 02,01,06,07,16,09,18,D3,30,00,FE,04,16,0F,18,03,08,09,48,4F,52,4E,45,54,35
15:46:24.177 -> -76, 02,01,06,07,16,09,18,D3,30,00,FE,04,16,0F,18,03,08,09,48,4F,52,4E,45,54,35
15:46:24.177 -> -75, 02,01,06,07,16,09,18,D3,30,00,FE,04,16,0F,18,03,08,09,48,4F,52,4E,45,54,35
15:46:24.225 -> -75, 02,01,06,07,16,09,18,D3,30,00,FE,04,16,0F,18,03,08,09,48,4F,52,4E,45,54,35
15:46:24.270 -> -75, 02,01,06,07,16,09,18,D3,30,00,FE,04,16,0F,18,04,08,09,48,4F,52,4E,45,54,35
15:46:24.319 -> -75, 02,01,06,07,16,09,18,D3,30,00,FE,04,16,0F,18,04,08,09,48,4F,52,4E,45,54,35
15:46:24.365 -> -75, 02,01,06,07,16,09,18,D3,30,00,FE,04,16,0F,18,04,08,09,48,4F,52,4E,45,54,35
15:46:24.412 -> -75, 02,01,06,07,16,09,18,D3,30,00,FE,04,16,0F,18,04,08,09,48,4F,52,4E,45,54,35
15:46:24.458 -> -75, 02,01,06,07,16,09,18,D3,30,00,FE,04,16,0F,18,04,08,09,48,4F,52,4E,45,54,35
15:46:24.553 -> -85, 02,01,06,07,16,09,18,D3,30,00,FE,04,16,0F,18,04,08,09,48,4F,52,4E,45,54,35
15:46:24.740 -> -84, 02,01,06,07,16,09,18,D3,30,00,FE,04,16,0F,18,04,08,09,48,4F,52,4E,45,54,35
15:46:24.833 -> -84, 02,01,06,07,16,09,18,D3,30,00,FE,04,16,0F,18,04,08,09,48,4F,52,4E,45,54,35
15:46:24.928 -> -85, 02,01,06,07,16,09,18,D3,30,00,FE,04,16,0F,18,04,08,09,48,4F,52,4E,45,54,35
15:46:24.974 -> -83, 02,01,06,07,16,09,18,D3,30,00,FE,04,16,0F,18,04,08,09,48,4F,52,4E,45,54,35
15:46:25.021 -> -82, 02,01,06,07,16,09,18,D3,30,00,FE,04,16,0F,18,04,08,09,48,4F,52,4E,45,54,35
15:46:25.359 -> -80, 02,01,06,07,16,09,18,D3,30,00,FE,04,16,0F,18,03,08,09,48,4F,52,4E,45,54,35
15:46:25.487 -> -76, 02,01,06,07,16,09,18,D3,30,00,FE,04,16,0F,18,03,08,09,48,4F,52,4E,45,54,35
15:46:25.580 -> -77, 02,01,06,07,16,09,18,D3,30,00,FE,04,16,0F,18,03,08,09,48,4F,52,4E,45,54,35
15:46:25.580 -> -76, 02,01,06,07,16,09,18,D3,30,00,FE,04,16,0F,18,03,08,09,48,4F,52,4E,45,54,35
15:46:25.720 -> -76, 02,01,06,07,16,09,18,D3,30,00,FE,04,16,0F,18,03,08,09,48,4F,52,4E,45,54,35
15:46:25.720 -> -76, 02,01,06,07,16,09,18,D3,30,00,FE,04,16,0F,18,03,08,09,48,4F,52,4E,45,54,35
15:46:25.720 -> -76, 02,01,06,07,16,09,18,D3,30,00,FE,04,16,0F,18,03,08,09,48,4F,52,4E,45,54,35
15:46:25.720 -> -76, 02,01,06,07,16,09,18,D3,30,00,FE,04,16,0F,18,03,08,09,48,4F,52,4E,45,54,35
15:46:25.813 -> -76, 02,01,06,07,16,09,18,D3,30,00,FE,04,16,0F,18,03,08,09,48,4F,52,4E,45,54,35
15:46:25.813 -> -76, 02,01,06,07,16,09,18,D3,30,00,FE,04,16,0F,18,03,08,09,48,4F,52,4E,45,54,35
15:46:25.907 -> -76, 02,01,06,07,16,09,18,D3,30,00,FE,04,16,0F,18,03,08,09,48,4F,52,4E,45,54,35
15:46:25.953 -> -76, 02,01,06,07,16,09,18,D3,30,00,FE,04,16,0F,18,03,08,09,48,4F,52,4E,45,54,35
15:46:26.049 -> -83, 02,01,06,07,16,09,18,D3,30,00,FE,04,16,0F,18,03,08,09,48,4F,52,4E,45,54,35
15:46:26.049 -> -83, 02,01,06,07,16,09,18,D3,30,00,FE,04,16,0F,18,03,08,09,48,4F,52,4E,45,54,35
