16:07:05.932 -> -71, 02,01,06,07,16,09,18,D3,30,00,FE,04,16,0F,18,06,08,09,48,4F,52,4E,45,54,35
16:07:05.932 -> -72, 02,01,06,07,16,09,18,D3,30,00,FE,04,16,0F,18,06,08,09,48,4F,52,4E,45,54,35
16:07:05.932 -> -71, 02,01,06,07,16,09,18,D3,30,00,FE,04,16,0F,18,06,08,09,48,4F,52,4E,45,54,35
16:07:05.932 -> -71, 02,01,06,07,16,09,18,D3,30,00,FE,04,16,0F,18,06,08,09,48,4F,52,4E,45,54,35
16:07:05.932 -> -71, 02,01,06,07,16,09,18,D3,30,00,FE,04,16,0F,18,06,08,09,48,4F,52,4E,45,54,35
16:07:05.968 -> -70, 02,01,06,07,16,09,18,D3,30,00,FE,04,16,0F,18,06,08,09,48,4F,52,4E,45,54,35
16:07:05.968 -> -71, 02,01,06,07,16,09,18,D3,30,00,FE,04,16,0F,18,06,08,09,48,4F,52,4E,45,54,35
16:07:05.968 -> -70, 02,01,06,07,16,09,18,D3,30,00,FE,04,16,0F,18,06,08,09,48,4F,52,4E,45,54,35
16:07:06.015 -> -70, 02,01,06,07,16,09,18,D3,30,00,FE,04,16,0F,18,06,08,09,48,4F,52,4E,45,54,35
16:07:06.015 -> -70, 02,01,06,07,16,09,18,D3,30,00,FE,04,16,0F,18,06,08,09,48,4F,52,4E,45,54,35
16:07:06.061 -> -70, 02,01,06,07,16,09,18,D3,30,00,FE,04,16,0F,18,06,08,09,48,4F,52,4E,45,54,35
16:07:06.061 -> -70, 02,01,06,07,16,09,18,D3,30,00,FE,04,16,0F,18,06,08,09,48,4F,52,4E,45,54,35
16:07:06.108 -> -70, 02,01,06,07,16,09,18,D3,30,00,FE,04,16,0F,18,06,08,09,48,4F,52,4E,45,54,35
16:07:06.108 -> -70, 02,01,06,07,16,09,18,D3,30,00,FE,04,16,0F,18,06,08,09,48,4F,52,4E,45,54,35
16:07:06.108 -> -70, 02,01,06,07,16,09,18,D3,30,00,FE,04,16,0F,18,06,08,09,48,4F,52,4E,45,54,35
16:07:06.155 -> -70, 02,01,06,07,16,09,18,D3,30,00,FE,04,16,0F,18,06,08,09,48,4F,52,4E,45,54,35
16:07:06.155 -> -70, 02,01,06,07,16,09,18,D3,30,00,FE,04,16,0F,18,06,08,09,48,4F,52,4E,45,54,35
16:07:06.155 -> -70, 02,01,06,07,16,09,18,D3,30,00,FE,04,16,0F,18,06,08,09,48,4F,52,4E,45,54,35
16:07:06.155 -> -70, 02,01,06,07,16,09,18,D3,30,00,FE,04,16,0F,18,06,08,09,48,4F,52,4E,45,54,35
16:07:06.202 -> -70, 02,01,06,07,16,09,18,D3,30,00,FE,04,16,0F,18,06,08,09,48,4F,52,4E,45,54,35
16:07:06.202 -> -70, 02,01,06,07,16,09,18,D3,30,00,FE,04,16,0F,18,06,08,09,48,4F,52,4E,45,54,35
16:07:06.202 -> -70, 02,01,06,07,16,09,18,D3,30,00,FE,04,16,0F,18,06,08,09,48,4F,52,4E,45,54,35
16:07:06.202 -> -70, 02,01,06,07,16,09,18,D3,30,00,FE,04,16,0F,18,06,08,09,48,4F,52,4E,45,54,35
16:07:06.248 -> -70, 02,01,06,07,16,09,18,D3,30,00,FE,04,16,0F,18,06,08,09,48,4F,52,4E,45,54,35
16:07:06.248 -> -70, 02,01,06,07,16,09,18,D3,30,00,FE,04,16,0F,18,06,08,09,48,4F,52,4E,45,54,35
16:07:06.248 -> -69, 02,01,06,07,16,09,18,D3,30,00,FE,04,16,0F,18,06,08,09,48,4F,52,4E,45,54,35
16:07:06.294 -> -70, 02,01,06,07,16,09,18,D3,30,00,FE,04,16,0F,18,06,08,09,48,4F,52,4E,45,54,35
16:07:06.294 -> -70, 02,01,06,07,16,09,18,D3,30,00,FE,04,16,0F,18,06,08,09,48,4F,52,4E,45,54,35
16:07:06.340 -> -70, 02,01,06,07,16,09,18,D3,30,00,FE,04,16,0F,18,06,08,09,48,4F,52,4E,45,54,35
16:07:06.340 -> -71, 02,01,06,07,16,09,18,D3,30,00,FE,04,16,0F,18,06,08,09,48,4F,52,4E,45,54,35
16:07:06.340 -> -70, 02,01,06,07,16,09,18,D3,30,00,FE,04,16,0F,18,06,08,09,48,4F,52,4E,45,54,35
16:07:06.387 -> -70, 02,01,06,07,16,09,18,D3,30,00,FE,04,16,0F,18,06,08,09,48,4F,52,4E,45,54,35
16:07:06.387 -> -70, 02,01,06,07,16,09,18,D3,30,00,FE,04,16,0F,18,06,08,09,48,4F,52,4E,45,54,35
16:07:06.387 -> -70, 02,01,06,07,16,09,18,D3,30,00,FE,04,16,0F,18,06,08,09,48,4F,52,4E,45,54,35
16:07:06.433 -> -70, 02,01,06,07,16,09,18,D3,30,00,FE,04,16,0F,18,06,08,09,48,4F,52,4E,45,54,35
16:07:06.433 -> -70, 02,01,06,07,16,09,18,D3,30,00,FE,04,16,0F,18,06,08,09,48,4F,52,4E,45,54,35
16:07:06.433 -> -81, 02,01,06,07,16,09,18,D3,30,00,FE,04,16,0F,18,06,08,09,48,4F,52,4E,45,54,35
16:07:06.481 -> -81, 02,01,06,07,16,09,18,D3,30,00,FE,04,16,0F,18,06,08,09,48,4F,52,4E,45,54,35
16:07:06.481 -> -81, 02,01,06,07,16,09,18,D3,30,00,FE,04,16,0F,18,06,08,09,48,4F,52,4E,45,54,35
16:07:06.527 -> -81, 02,01,06,07,16,09,18,D3,30,00,FE,04,16,0F,18,05,08,09,48,4F,52,4E,45,54,35
16:07:06.527 -> -80, 02,01,06,07,16,09,18,D3,30,00,FE,04,16,0F,18,05,08,09,48,4F,52,4E,45,54,35
16:07:06.575 -> -80, 02,01,06,07,16,09,18,D3,30,00,FE,04,16,0F,18,05,08,09,48,4F,52,4E,45,54,35
16:07:06.575 -> -81, 02,01,06,07,16,09,18,D3,30,00,FE,04,16,0F,18,05,08,09,48,4F,52,4E,45,54,35
16:07:06.622 -> -81, 02,01,06,07,16,09,18,D3,30,00,FE,04,16,0F,18,05,08,09,48,4F,52,4E,45,54,35
16:07:06.622 -> -80, 02,01,06,07,16,09,18,D3,30,00,FE,04,16,0F,18,05,08,09,48,4F,52,4E,45,54,35
16:07:06.669 -> -79, 02,01,06,07,16,09,18,D3,30,00,FE,04,16,0F,18,05,08,09,48,4F,52,4E,45,54,35
16:07:06.669 -> -80, 02,01,06,07,16,09,18,D3,30,00,FE,04,16,0F,18,05,08,09,48,4F,52,4E,45,54,35
16:07:06.716 -> -80, 02,01,06,07,16,09,18,D3,30,00,FE,04,16,0F,18,05,08,09,48,4F,52,4E,45,54,35
16:07:06.716 -> -80, 02,01,06,07,16,09,18,D3,30,00,FE,04,16,0F,18,05,08,09,48,4F,52,4E,45,54,35
16:07:06.764 -> -79, 02,01,06,07,16,09,18,D3,30,00,FE,04,16,0F,18,05,08,09,48,4F,52,4E,45,54,35
16:07:06.764 -> -79, 02,01,06,07,16,09,18,D3,30,00,FE,04,16,0F,18,05,08,09,48,4F,52,4E,45,54,35
16:07:06.764 -> -79, 02,01,06,07,16,09,18,D3,30,00,FE,04,16,0F,18,05,08,09,48,4F,52,4E,45,54,35
16:07:06.764 -> -80, 02,01,06,07,16,09,18,D3,30,00,FE,04,16,0F,18,05,08,09,48,4F,52,4E,45,54,35
16:07:06.812 -> -80, 02,01,06,07,16,09,18,D3,30,00,FE,04,16,0F,18,05,08,09,48,4F,52,4E,45,54,35
16:07:06.812 -> -79, 02,01,06,07,16,09,18,D3,30,00,FE,04,16,0F,18,05,08,09,48,4F,52,4E,45,54,35
16:07:06.812 -> -78, 02,01,06,07,16,09,18,D3,30,00,FE,04,16,0F,18,05,08,09,48,4F,52,4E,45,54,35
16:07:06.812 -> -78, 02,01,06,07,16,09,18,D3,30,00,FE,04,16,0F,18,05,08,09,48,4F,52,4E,45,54,35
16:07:06.858 -> -78, 02,01,06,07,16,09,18,D3,30,00,FE,04,16,0F,18,05,08,09,48,4F,52,4E,45,54,35
16:07:06.858 -> -78, 02,01,06,07,16,09,18,D3,30,00,FE,04,16,0F,18,05,08,09,48,4F,52,4E,45,54,35
16:07:06.905 -> -79, 02,01,06,07,16,09,18,D3,30,00,FE,04,16,0F,18,05,08,09,48,4F,52,4E,45,54,35
16:07:06.905 -> -79, 02,01,06,07,16,09,18,D3,30,00,FE,04,16,0F,18,05,08,09,48,4F,52,4E,45,54,35
16:07:06.905 -> -77, 02,01,06,07,16,09,18,D3,30,00,FE,04,16,0F,18,05,08,09,48,4F,52,4E,45,54,35
16:07:06.905 -> -79, 02,01,06,07,16,09,18,D3,30,00,FE,04,16,0F,18,05,08,09,48,4F,52,4E,45,54,35
16:07:06.952 -> -71, 02,01,06,07,16,09,18,D3,30,00,FE,04,16,0F,18,05,08,09,48,4F,52,4E,45,54,35
16:07:06.952 -> -71, 02,01,06,07,16,09,18,D3,30,00,FE,04,16,0F,18,05,08,09,48,4F,52,4E,45,54,35
16:07:06.952 -> -71, 02,01,06,07,16,09,18,D3,30,00,FE,04,16,0F,18,05,08,09,48,4F,52,4E,45,54,35
16:07:06.998 -> -71, 02,01,06,07,16,09,18,D3,30,00,FE,04,16,0F,18,05,08,09,48,4F,52,4E,45,54,35
16:07:06.998 -> -71, 02,01,06,07,16,09,18,D3,30,00,FE,04,16,0F,18,05,08,09,48,4F,52,4E,45,54,35
16:07:06.998 -> -72, 02,01,06,07,16,09,18,D3,30,00,FE,04,16,0F,18,05,08,09,48,4F,52,4E,45,54,35
16:07:06.998 -> -71, 02,01,06,07,16,09,18,D3,30,00,FE,04,16,0F,18,05,08,09,48,4F,52,4E,45,54,35
16:07:07.045 -> -71, 02,01,06,07,16,09,18,D3,30,00,FE,04,16,0F,18,05,08,09,48,4F,52,4E,45,54,35
16:07:07.045 -> -71, 02,01,06,07,16,09,18,D3,30,00,FE,04,16,0F,18,05,08,09,48,4F,52,4E,45,54,35
16:07:07.045 -> -71, 02,01,06,07,16,09,18,D3,30,00,FE,04,16,0F,18,05,08,09,48,4F,52,4E,45,54,35
16:07:07.093 -> -71, 02,01,06,07,16,09,18,D3,30,00,FE,04,16,0F,18,05,08,09,48,4F,52,4E,45,54,35
16:07:07.093 -> -72, 02,01,06,07,16,09,18,D3,30,00,FE,04,16,0F,18,05,08,09,48,4F,52,4E,45,54,35
16:07:07.093 -> -71, 02,01,06,07,16,09,18,D3,30,00,FE,04,16,0F,18,05,08,09,48,4F,52,4E,45,54,35
16:07:07.138 -> -70, 02,01,06,07,16,09,18,D3,30,00,FE,04,16,0F,18,05,08,09,48,4F,52,4E,45,54,35
16:07:07.138 -> -71, 02,01,06,07,16,09,18,D3,30,00,FE,04,16,0F,18,05,08,09,48,4F,52,4E,45,54,35
16:07:07.186 -> -72, 02,01,06,07,16,09,18,D3,30,00,FE,04,16,0F,18,05,08,09,48,4F,52,4E,45,54,35
16:07:07.186 -> -71, 02,01,06,07,16,09,18,D3,30,00,FE,04,16,0F,18,05,08,09,48,4F,52,4E,45,54,35
16:07:07.186 -> -71, 02,01,06,07,16,09,18,D3,30,00,FE,04,16,0F,18,05,08,09,48,4F,52,4E,45,54,35
16:07:07.232 -> -71, 02,01,06,07,16,09,18,D3,30,00,FE,04,16,0F,18,05,08,09,48,4F,52,4E,45,54,35
16:07:07.232 -> -71, 02,01,06,07,16,09,18,D3,30,00,FE,04,16,0F,18,05,08,09,48,4F,52,4E,45,54,35
16:07:07.232 -> -71, 02,01,06,07,16,09,18,D3,30,00,FE,04,16,0F,18,05,08,09,48,4F,52,4E,45,54,35
16:07:07.232 -> -71, 02,01,06,07,16,09,18,D3,30,00,FE,04,16,0F,18,05,08,09,48,4F,52,4E,45,54,35
16:07:07.278 -> -71, 02,01,06,07,16,09,18,D3,30,00,FE,04,16,0F,18,05,08,09,48,4F,52,4E,45,54,35
16:07:07.278 -> -71, 02,01,06,07,16,09,18,D3,30,00,FE,04,16,0F,18,05,08,09,48,4F,52,4E,45,54,35
16:07:07.278 -> -71, 02,01,06,07,16,09,18,D3,30,00,FE,04,16,0F,18,05,08,09,48,4F,52,4E,45,54,35
16:07:07.325 -> -71, 02,01,06,07,16,09,18,D3,30,00,FE,04,16,0F,18,05,08,09,48,4F,52,4E,45,54,35
16:07:07.325 -> -71, 02,01,06,07,16,09,18,D3,30,00,FE,04,16,0F,18,05,08,09,48,4F,52,4E,45,54,35
16:07:07.325 -> -71, 02,01,06,07,16,09,18,D3,30,00,FE,04,16,0F,18,05,08,09,48,4F,52,4E,45,54,35
16:07:07.371 -> -72, 02,01,06,07,16,09,18,D3,30,00,FE,04,16,0F,18,05,08,09,48,4F,52,4E,45,54,35
16:07:07.371 -> -71, 02,01,06,07,16,09,18,D3,30,00,FE,04,16,0F,18,05,08,09,48,4F,52,4E,45,54,35
16:07:07.371 -> -71, 02,01,06,07,16,09,18,D3,30,00,FE,04,16,0F,18,05,08,09,48,4F,52,4E,45,54,35
16:07:07.371 -> -71, 02,01,06,07,16,09,18,D3,30,00,FE,04,16,0F,18,05,08,09,48,4F,52,4E,45,54,35
16:07:07.418 -> -71, 02,01,06,07,16,09,18,D3,30,00,FE,04,16,0F,18,05,08,09,48,4F,52,4E,45,54,35
16:07:07.418 -> -72, 02,01,06,07,16,09,18,D3,30,00,FE,04,16,0F,18,05,08,09,48,4F,52,4E,45,54,35
16:07:07.418 -> -71, 02,01,06,07,16,09,18,D3,30,00,FE,04,16,0F,18,05,08,09,48,4F,52,4E,45,54,35
16:07:07.465 -> -71, 02,01,06,07,16,09,18,D3,30,00,FE,04,16,0F,18,05,08,09,48,4F,52,4E,45,54,35
16:07:07.465 -> -71, 02,01,06,07,16,09,18,D3,30,00,FE,04,16,0F,18,05,08,09,48,4F,52,4E,45,54,35
16:07:07.465 -> -71, 02,01,06,07,16,09,18,D3,30,00,FE,04,16,0F,18,05,08,09,48,4F,52,4E,45,54,35
16:07:07.511 -> -70, 02,01,06,07,16,09,18,D3,30,00,FE,04,16,0F,18,05,08,09,48,4F,52,4E,45,54,35
16:07:07.511 -> -71, 02,01,06,07,16,09,18,D3,30,00,FE,04,16,0F,18,05,08,09,48,4F,52,4E,45,54,35
16:07:07.558 -> -71, 02,01,06,07,16,09,18,D3,30,00,FE,04,16,0F,18,05,08,09,48,4F,52,4E,45,54,35
16:07:07.558 -> -71, 02,01,06,07,16,09,18,D3,30,00,FE,04,16,0F,18,05,08,09,48,4F,52,4E,45,54,35
16:07:07.558 -> -70, 02,01,06,07,16,09,18,D3,30,00,FE,04,16,0F,18,05,08,09,48,4F,52,4E,45,54,35
16:07:07.606 -> -71, 02,01,06,07,16,09,18,D3,30,00,FE,04,16,0F,18,05,08,09,48,4F,52,4E,45,54,35
16:07:07.606 -> -71, 02,01,06,07,16,09,18,D3,30,00,FE,04,16,0F,18,05,08,09,48,4F,52,4E,45,54,35
16:07:07.606 -> -71, 02,01,06,07,16,09,18,D3,30,00,FE,04,16,0F,18,05,08,09,48,4F,52,4E,45,54,35
16:07:07.653 -> -71, 02,01,06,07,16,09,18,D3,30,00,FE,04,16,0F,18,05,08,09,48,4F,52,4E,45,54,35
16:07:07.653 -> -71, 02,01,06,07,16,09,18,D3,30,00,FE,04,16,0F,18,05,08,09,48,4F,52,4E,45,54,35
16:07:07.699 -> -71, 02,01,06,07,16,09,18,D3,30,00,FE,04,16,0F,18,05,08,09,48,4F,52,4E,45,54,35
16:07:07.699 -> -71, 02,01,06,07,16,09,18,D3,30,00,FE,04,16,0F,18,05,08,09,48,4F,52,4E,45,54,35
16:07:07.699 -> -71, 02,01,06,07,16,09,18,D3,30,00,FE,04,16,0F,18,05,08,09,48,4F,52,4E,45,54,35
16:07:07.699 -> -71, 02,01,06,07,16,09,18,D3,30,00,FE,04,16,0F,18,05,08,09,48,4F,52,4E,45,54,35
16:07:07.745 -> -71, 02,01,06,07,16,09,18,D3,30,00,FE,04,16,0F,18,05,08,09,48,4F,52,4E,45,54,35
16:07:07.745 -> -71, 02,01,06,07,16,09,18,D3,30,00,FE,04,16,0F,18,05,08,09,48,4F,52,4E,45,54,35
16:07:07.745 -> -70, 02,01,06,07,16,09,18,D3,30,00,FE,04,16,0F,18,05,08,09,48,4F,52,4E,45,54,35
16:07:07.745 -> -71, 02,01,06,07,16,09,18,D3,30,00,FE,04,16,0F,18,05,08,09,48,4F,52,4E,45,54,35
16:07:07.745 -> -71, 02,01,06,07,16,09,18,D3,30,00,FE,04,16,0F,18,05,08,09,48,4F,52,4E,45,54,35
16:07:07.791 -> -71, 02,01,06,07,16,09,18,D3,30,00,FE,04,16,0F,18,05,08,09,48,4F,52,4E,45,54,35
16:07:07.791 -> -71, 02,01,06,07,16,09,18,D3,30,00,FE,04,16,0F,18,05,08,09,48,4F,52,4E,45,54,35
16:07:07.839 -> -71, 02,01,06,07,16,09,18,D3,30,00,FE,04,16,0F,18,05,08,09,48,4F,52,4E,45,54,35
16:07:07.839 -> -70, 02,01,06,07,16,09,18,D3,30,00,FE,04,16,0F,18,05,08,09,48,4F,52,4E,45,54,35
16:07:07.839 -> -71, 02,01,06,07,16,09,18,D3,30,00,FE,04,16,0F,18,05,08,09,48,4F,52,4E,45,54,35
16:07:07.886 -> -71, 02,01,06,07,16,09,18,D3,30,00,FE,04,16,0F,18,05,08,09,48,4F,52,4E,45,54,35
16:07:07.932 -> -71, 02,01,06,07,16,09,18,D3,30,00,FE,04,16,0F,18,05,08,09,48,4F,52,4E,45,54,35
16:07:07.932 -> -71, 02,01,06,07,16,09,18,D3,30,00,FE,04,16,0F,18,05,08,09,48,4F,52,4E,45,54,35
16:07:07.932 -> -71, 02,01,06,07,16,09,18,D3,30,00,FE,04,16,0F,18,05,08,09,48,4F,52,4E,45,54,35
16:07:07.932 -> -78, 02,01,06,07,16,09,18,D3,30,00,FE,04,16,0F,18,05,08,09,48,4F,52,4E,45,54,35
16:07:07.980 -> -77, 02,01,06,07,16,09,18,D3,30,00,FE,04,16,0F,18,05,08,09,48,4F,52,4E,45,54,35
16:07:07.980 -> -77, 02,01,06,07,16,09,18,D3,30,00,FE,04,16,0F,18,05,08,09,48,4F,52,4E,45,54,35
16:07:07.980 -> -77, 02,01,06,07,16,09,18,D3,30,00,FE,04,16,0F,18,05,08,09,48,4F,52,4E,45,54,35
16:07:07.980 -> -77, 02,01,06,07,16,09,18,D3,30,00,FE,04,16,0F,18,05,08,09,48,4F,52,4E,45,54,35
16:07:08.027 -> -77, 02,01,06,07,16,09,18,D3,30,00,FE,04,16,0F,18,05,08,09,48,4F,52,4E,45,54,35
16:07:08.027 -> -77, 02,01,06,07,16,09,18,D3,30,00,FE,04,16,0F,18,05,08,09,48,4F,52,4E,45,54,35
16:07:08.074 -> -77, 02,01,06,07,16,09,18,D3,30,00,FE,04,16,0F,18,05,08,09,48,4F,52,4E,45,54,35
16:07:08.074 -> -77, 02,01,06,07,16,09,18,D3,30,00,FE,04,16,0F,18,05,08,09,48,4F,52,4E,45,54,35
16:07:08.074 -> -77, 02,01,06,07,16,09,18,D3,30,00,FE,04,16,0F,18,05,08,09,48,4F,52,4E,45,54,35
16:07:08.074 -> -78, 02,01,06,07,16,09,18,D3,30,00,FE,04,16,0F,18,05,08,09,48,4F,52,4E,45,54,35
16:07:08.074 -> -77, 02,01,06,07,16,09,18,D3,30,00,FE,04,16,0F,18,05,08,09,48,4F,52,4E,45,54,35
16:07:08.120 -> -77, 02,01,06,07,16,09,18,D3,30,00,FE,04,16,0F,18,05,08,09,48,4F,52,4E,45,54,35
16:07:08.120 -> -77, 02,01,06,07,16,09,18,D3,30,00,FE,04,16,0F,18,05,08,09,48,4F,52,4E,45,54,35
16:07:08.120 -> -77, 02,01,06,07,16,09,18,D3,30,00,FE,04,16,0F,18,05,08,09,48,4F,52,4E,45,54,35
16:07:08.168 -> -78, 02,01,06,07,16,09,18,D3,30,00,FE,04,16,0F,18,05,08,09,48,4F,52,4E,45,54,35
16:07:08.168 -> -77, 02,01,06,07,16,09,18,D3,30,00,FE,04,16,0F,18,05,08,09,48,4F,52,4E,45,54,35
16:07:08.215 -> -78, 02,01,06,07,16,09,18,D3,30,00,FE,04,16,0F,18,05,08,09,48,4F,52,4E,45,54,35
16:07:08.215 -> -78, 02,01,06,07,16,09,18,D3,30,00,FE,04,16,0F,18,05,08,09,48,4F,52,4E,45,54,35
16:07:08.215 -> -77, 02,01,06,07,16,09,18,D3,30,00,FE,04,16,0F,18,05,08,09,48,4F,52,4E,45,54,35
16:07:08.215 -> -77, 02,01,06,07,16,09,18,D3,30,00,FE,04,16,0F,18,05,08,09,48,4F,52,4E,45,54,35
16:07:08.262 -> -78, 02,01,06,07,16,09,18,D3,30,00,FE,04,16,0F,18,05,08,09,48,4F,52,4E,45,54,35
16:07:08.262 -> -78, 02,01,06,07,16,09,18,D3,30,00,FE,04,16,0F,18,05,08,09,48,4F,52,4E,45,54,35
16:07:08.310 -> -78, 02,01,06,07,16,09,18,D3,30,00,FE,04,16,0F,18,05,08,09,48,4F,52,4E,45,54,35
16:07:08.355 -> -79, 02,01,06,07,16,09,18,D3,30,00,FE,04,16,0F,18,05,08,09,48,4F,52,4E,45,54,35
16:07:08.355 -> -79, 02,01,06,07,16,09,18,D3,30,00,FE,04,16,0F,18,05,08,09,48,4F,52,4E,45,54,35
16:07:08.355 -> -79, 02,01,06,07,16,09,18,D3,30,00,FE,04,16,0F,18,05,08,09,48,4F,52,4E,45,54,35
16:07:08.355 -> -79, 02,01,06,07,16,09,18,D3,30,00,FE,04,16,0F,18,05,08,09,48,4F,52,4E,45,54,35
16:07:08.403 -> -78, 02,01,06,07,16,09,18,D3,30,00,FE,04,16,0F,18,05,08,09,48,4F,52,4E,45,54,35
16:07:08.403 -> -79, 02,01,06,07,16,09,18,D3,30,00,FE,04,16,0F,18,05,08,09,48,4F,52,4E,45,54,35
16:07:08.448 -> -80, 02,01,06,07,16,09,18,D3,30,00,FE,04,16,0F,18,05,08,09,48,4F,52,4E,45,54,35
16:07:08.448 -> -71, 02,01,06,07,16,09,18,D3,30,00,FE,04,16,0F,18,05,08,09,48,4F,52,4E,45,54,35
16:07:08.448 -> -71, 02,01,06,07,16,09,18,D3,30,00,FE,04,16,0F,18,05,08,09,48,4F,52,4E,45,54,35
16:07:08.448 -> -72, 02,01,06,07,16,09,18,D3,30,00,FE,04,16,0F,18,05,08,09,48,4F,52,4E,45,54,35
16:07:08.494 -> -72, 02,01,06,07,16,09,18,D3,30,00,FE,04,16,0F,18,05,08,09,48,4F,52,4E,45,54,35
16:07:08.494 -> -71, 02,01,06,07,16,09,18,D3,30,00,FE,04,16,0F,18,06,08,09,48,4F,52,4E,45,54,35
16:07:08.494 -> -72, 02,01,06,07,16,09,18,D3,30,00,FE,04,16,0F,18,06,08,09,48,4F,52,4E,45,54,35
16:07:08.494 -> -72, 02,01,06,07,16,09,18,D3,30,00,FE,04,16,0F,18,06,08,09,48,4F,52,4E,45,54,35
16:07:08.541 -> -71, 02,01,06,07,16,09,18,D3,30,00,FE,04,16,0F,18,06,08,09,48,4F,52,4E,45,54,35
16:07:08.541 -> -71, 02,01,06,07,16,09,18,D3,30,00,FE,04,16,0F,18,06,08,09,48,4F,52,4E,45,54,35
16:07:08.541 -> -72, 02,01,06,07,16,09,18,D3,30,00,FE,04,16,0F,18,06,08,09,48,4F,52,4E,45,54,35
16:07:08.589 -> -72, 02,01,06,07,16,09,18,D3,30,00,FE,04,16,0F,18,06,08,09,48,4F,52,4E,45,54,35
16:07:08.589 -> -71, 02,01,06,07,16,09,18,D3,30,00,FE,04,16,0F,18,06,08,09,48,4F,52,4E,45,54,35
16:07:08.635 -> -72, 02,01,06,07,16,09,18,D3,30,00,FE,04,16,0F,18,06,08,09,48,4F,52,4E,45,54,35
16:07:08.635 -> -72, 02,01,06,07,16,09,18,D3,30,00,FE,04,16,0F,18,06,08,09,48,4F,52,4E,45,54,35
16:07:08.635 -> -72, 02,01,06,07,16,09,18,D3,30,00,FE,04,16,0F,18,06,08,09,48,4F,52,4E,45,54,35
16:07:08.681 -> -72, 02,01,06,07,16,09,18,D3,30,00,FE,04,16,0F,18,06,08,09,48,4F,52,4E,45,54,35
16:07:08.681 -> -72, 02,01,06,07,16,09,18,D3,30,00,FE,04,16,0F,18,06,08,09,48,4F,52,4E,45,54,35
16:07:08.681 -> -72, 02,01,06,07,16,09,18,D3,30,00,FE,04,16,0F,18,06,08,09,48,4F,52,4E,45,54,35
16:07:08.681 -> -72, 02,01,06,07,16,09,18,D3,30,00,FE,04,16,0F,18,06,08,09,48,4F,52,4E,45,54,35
16:07:08.728 -> -72, 02,01,06,07,16,09,18,D3,30,00,FE,04,16,0F,18,06,08,09,48,4F,52,4E,45,54,35
16:07:08.728 -> -72, 02,01,06,07,16,09,18,D3,30,00,FE,04,16,0F,18,06,08,09,48,4F,52,4E,45,54,35
16:07:08.728 -> -72, 02,01,06,07,16,09,18,D3,30,00,FE,04,16,0F,18,06,08,09,48,4F,52,4E,45,54,35
16:07:08.775 -> -72, 02,01,06,07,16,09,18,D3,30,00,FE,04,16,0F,18,06,08,09,48,4F,52,4E,45,54,35
16:07:08.775 -> -72, 02,01,06,07,16,09,18,D3,30,00,FE,04,16,0F,18,06,08,09,48,4F,52,4E,45,54,35
16:07:08.828 -> -72, 02,01,06,07,16,09,18,D3,30,00,FE,04,16,0F,18,06,08,09,48,4F,52,4E,45,54,35
16:07:08.828 -> -72, 02,01,06,07,16,09,18,D3,30,00,FE,04,16,0F,18,06,08,09,48,4F,52,4E,45,54,35
16:07:08.828 -> -72, 02,01,06,07,16,09,18,D3,30,00,FE,04,16,0F,18,06,08,09,48,4F,52,4E,45,54,35
16:07:08.828 -> -72, 02,01,06,07,16,09,18,D3,30,00,FE,04,16,0F,18,06,08,09,48,4F,52,4E,45,54,35
16:07:08.868 -> -72, 02,01,06,07,16,09,18,D3,30,00,FE,04,16,0F,18,06,08,09,48,4F,52,4E,45,54,35
16:07:08.868 -> -72, 02,01,06,07,16,09,18,D3,30,00,FE,04,16,0F,18,06,08,09,48,4F,52,4E,45,54,35
16:07:08.914 -> -71, 02,01,06,07,16,09,18,D3,30,00,FE,04,16,0F,18,06,08,09,48,4F,52,4E,45,54,35
16:07:08.914 -> -71, 02,01,06,07,16,09,18,D3,30,00,FE,04,16,0F,18,06,08,09,48,4F,52,4E,45,54,35
16:07:08.961 -> -70, 02,01,06,07,16,09,18,D3,30,00,FE,04,16,0F,18,06,08,09,48,4F,52,4E,45,54,35
16:07:08.961 -> -70, 02,01,06,07,16,09,18,D3,30,00,FE,04,16,0F,18,06,08,09,48,4F,52,4E,45,54,35
16:07:09.009 -> -70, 02,01,06,07,16,09,18,D3,30,00,FE,04,16,0F,18,06,08,09,48,4F,52,4E,45,54,35
16:07:09.009 -> -71, 02,01,06,07,16,09,18,D3,30,00,FE,04,16,0F,18,06,08,09,48,4F,52,4E,45,54,35
16:07:09.009 -> -70, 02,01,06,07,16,09,18,D3,30,00,FE,04,16,0F,18,06,08,09,48,4F,52,4E,45,54,35
16:07:09.055 -> -70, 02,01,06,07,16,09,18,D3,30,00,FE,04,16,0F,18,06,08,09,48,4F,52,4E,45,54,35
16:07:09.055 -> -70, 02,01,06,07,16,09,18,D3,30,00,FE,04,16,0F,18,06,08,09,48,4F,52,4E,45,54,35
16:07:09.055 -> -71, 02,01,06,07,16,09,18,D3,30,00,FE,04,16,0F,18,06,08,09,48,4F,52,4E,45,54,35
16:07:09.055 -> -71, 02,01,06,07,16,09,18,D3,30,00,FE,04,16,0F,18,06,08,09,48,4F,52,4E,45,54,35
16:07:09.102 -> -70, 02,01,06,07,16,09,18,D3,30,00,FE,04,16,0F,18,06,08,09,48,4F,52,4E,45,54,35
16:07:09.102 -> -71, 02,01,06,07,16,09,18,D3,30,00,FE,04,16,0F,18,06,08,09,48,4F,52,4E,45,54,35
16:07:09.102 -> -71, 02,01,06,07,16,09,18,D3,30,00,FE,04,16,0F,18,06,08,09,48,4F,52,4E,45,54,35
16:07:09.102 -> -71, 02,01,06,07,16,09,18,D3,30,00,FE,04,16,0F,18,06,08,09,48,4F,52,4E,45,54,35
16:07:09.149 -> -70, 02,01,06,07,16,09,18,D3,30,00,FE,04,16,0F,18,06,08,09,48,4F,52,4E,45,54,35
16:07:09.149 -> -70, 02,01,06,07,16,09,18,D3,30,00,FE,04,16,0F,18,06,08,09,48,4F,52,4E,45,54,35
16:07:09.197 -> -71, 02,01,06,07,16,09,18,D3,30,00,FE,04,16,0F,18,06,08,09,48,4F,52,4E,45,54,35
16:07:09.197 -> -71, 02,01,06,07,16,09,18,D3,30,00,FE,04,16,0F,18,06,08,09,48,4F,52,4E,45,54,35
16:07:09.197 -> -71, 02,01,06,07,16,09,18,D3,30,00,FE,04,16,0F,18,06,08,09,48,4F,52,4E,45,54,35
16:07:09.243 -> -71, 02,01,06,07,16,09,18,D3,30,00,FE,04,16,0F,18,06,08,09,48,4F,52,4E,45,54,35
16:07:09.243 -> -71, 02,01,06,07,16,09,18,D3,30,00,FE,04,16,0F,18,06,08,09,48,4F,52,4E,45,54,35
16:07:09.243 -> -71, 02,01,06,07,16,09,18,D3,30,00,FE,04,16,0F,18,06,08,09,48,4F,52,4E,45,54,35
16:07:09.243 -> -70, 02,01,06,07,16,09,18,D3,30,00,FE,04,16,0F,18,06,08,09,48,4F,52,4E,45,54,35
16:07:09.291 -> -70, 02,01,06,07,16,09,18,D3,30,00,FE,04,16,0F,18,06,08,09,48,4F,52,4E,45,54,35
16:07:09.291 -> -70, 02,01,06,07,16,09,18,D3,30,00,FE,04,16,0F,18,06,08,09,48,4F,52,4E,45,54,35
16:07:09.291 -> -71, 02,01,06,07,16,09,18,D3,30,00,FE,04,16,0F,18,06,08,09,48,4F,52,4E,45,54,35
16:07:09.338 -> -71, 02,01,06,07,16,09,18,D3,30,00,FE,04,16,0F,18,06,08,09,48,4F,52,4E,45,54,35
16:07:09.338 -> -70, 02,01,06,07,16,09,18,D3,30,00,FE,04,16,0F,18,06,08,09,48,4F,52,4E,45,54,35
16:07:09.385 -> -70, 02,01,06,07,16,09,18,D3,30,00,FE,04,16,0F,18,06,08,09,48,4F,52,4E,45,54,35
16:07:09.385 -> -71, 02,01,06,07,16,09,18,D3,30,00,FE,04,16,0F,18,06,08,09,48,4F,52,4E,45,54,35
16:07:09.385 -> -70, 02,01,06,07,16,09,18,D3,30,00,FE,04,16,0F,18,06,08,09,48,4F,52,4E,45,54,35
16:07:09.431 -> -70, 02,01,06,07,16,09,18,D3,30,00,FE,04,16,0F,18,06,08,09,48,4F,52,4E,45,54,35
16:07:09.431 -> -70, 02,01,06,07,16,09,18,D3,30,00,FE,04,16,0F,18,06,08,09,48,4F,52,4E,45,54,35
16:07:09.479 -> -78, 02,01,06,07,16,09,18,D3,30,00,FE,04,16,0F,18,06,08,09,48,4F,52,4E,45,54,35
16:07:09.479 -> -77, 02,01,06,07,16,09,18,D3,30,00,FE,04,16,0F,18,06,08,09,48,4F,52,4E,45,54,35
16:07:09.479 -> -77, 02,01,06,07,16,09,18,D3,30,00,FE,04,16,0F,18,06,08,09,48,4F,52,4E,45,54,35
16:07:09.525 -> -77, 02,01,06,07,16,09,18,D3,30,00,FE,04,16,0F,18,05,08,09,48,4F,52,4E,45,54,35
16:07:09.525 -> -77, 02,01,06,07,16,09,18,D3,30,00,FE,04,16,0F,18,05,08,09,48,4F,52,4E,45,54,35
16:07:09.525 -> -78, 02,01,06,07,16,09,18,D3,30,00,FE,04,16,0F,18,05,08,09,48,4F,52,4E,45,54,35
16:07:09.525 -> -78, 02,01,06,07,16,09,18,D3,30,00,FE,04,16,0F,18,05,08,09,48,4F,52,4E,45,54,35
16:07:09.572 -> -77, 02,01,06,07,16,09,18,D3,30,00,FE,04,16,0F,18,05,08,09,48,4F,52,4E,45,54,35
16:07:09.572 -> -77, 02,01,06,07,16,09,18,D3,30,00,FE,04,16,0F,18,05,08,09,48,4F,52,4E,45,54,35
16:07:09.572 -> -78, 02,01,06,07,16,09,18,D3,30,00,FE,04,16,0F,18,05,08,09,48,4F,52,4E,45,54,35
16:07:09.572 -> -78, 02,01,06,07,16,09,18,D3,30,00,FE,04,16,0F,18,05,08,09,48,4F,52,4E,45,54,35
16:07:09.620 -> -78, 02,01,06,07,16,09,18,D3,30,00,FE,04,16,0F,18,05,08,09,48,4F,52,4E,45,54,35
16:07:09.620 -> -76, 02,01,06,07,16,09,18,D3,30,00,FE,04,16,0F,18,05,08,09,48,4F,52,4E,45,54,35
16:07:09.620 -> -77, 02,01,06,07,16,09,18,D3,30,00,FE,04,16,0F,18,05,08,09,48,4F,52,4E,45,54,35
16:07:09.620 -> -77, 02,01,06,07,16,09,18,D3,30,00,FE,04,16,0F,18,05,08,09,48,4F,52,4E,45,54,35
16:07:09.666 -> -78, 02,01,06,07,16,09,18,D3,30,00,FE,04,16,0F,18,05,08,09,48,4F,52,4E,45,54,35
16:07:09.666 -> -77, 02,01,06,07,16,09,18,D3,30,00,FE,04,16,0F,18,05,08,09,48,4F,52,4E,45,54,35
16:07:09.666 -> -77, 02,01,06,07,16,09,18,D3,30,00,FE,04,16,0F,18,05,08,09,48,4F,52,4E,45,54,35
16:07:09.713 -> -78, 02,01,06,07,16,09,18,D3,30,00,FE,04,16,0F,18,05,08,09,48,4F,52,4E,45,54,35
16:07:09.713 -> -78, 02,01,06,07,16,09,18,D3,30,00,FE,04,16,0F,18,05,08,09,48,4F,52,4E,45,54,35
16:07:09.713 -> -77, 02,01,06,07,16,09,18,D3,30,00,FE,04,16,0F,18,05,08,09,48,4F,52,4E,45,54,35
16:07:09.713 -> -77, 02,01,06,07,16,09,18,D3,30,00,FE,04,16,0F,18,05,08,09,48,4F,52,4E,45,54,35
16:07:09.760 -> -77, 02,01,06,07,16,09,18,D3,30,00,FE,04,16,0F,18,05,08,09,48,4F,52,4E,45,54,35
16:07:09.760 -> -77, 02,01,06,07,16,09,18,D3,30,00,FE,04,16,0F,18,05,08,09,48,4F,52,4E,45,54,35
16:07:09.760 -> -77, 02,01,06,07,16,09,18,D3,30,00,FE,04,16,0F,18,05,08,09,48,4F,52,4E,45,54,35
16:07:09.760 -> -77, 02,01,06,07,16,09,18,D3,30,00,FE,04,16,0F,18,05,08,09,48,4F,52,4E,45,54,35
16:07:09.808 -> -77, 02,01,06,07,16,09,18,D3,30,00,FE,04,16,0F,18,05,08,09,48,4F,52,4E,45,54,35
16:07:09.808 -> -77, 02,01,06,07,16,09,18,D3,30,00,FE,04,16,0F,18,05,08,09,48,4F,52,4E,45,54,35
16:07:09.808 -> -76, 02,01,06,07,16,09,18,D3,30,00,FE,04,16,0F,18,05,08,09,48,4F,52,4E,45,54,35
16:07:09.855 -> -77, 02,01,06,07,16,09,18,D3,30,00,FE,04,16,0F,18,05,08,09,48,4F,52,4E,45,54,35
16:07:09.855 -> -77, 02,01,06,07,16,09,18,D3,30,00,FE,04,16,0F,18,05,08,09,48,4F,52,4E,45,54,35
16:07:09.903 -> -78, 02,01,06,07,16,09,18,D3,30,00,FE,04,16,0F,18,05,08,09,48,4F,52,4E,45,54,35
16:07:09.903 -> -77, 02,01,06,07,16,09,18,D3,30,00,FE,04,16,0F,18,05,08,09,48,4F,52,4E,45,54,35
16:07:09.903 -> -78, 02,01,06,07,16,09,18,D3,30,00,FE,04,16,0F,18,05,08,09,48,4F,52,4E,45,54,35
16:07:09.949 -> -78, 02,01,06,07,16,09,18,D3,30,00,FE,04,16,0F,18,05,08,09,48,4F,52,4E,45,54,35
16:07:09.949 -> -72, 02,01,06,07,16,09,18,D3,30,00,FE,04,16,0F,18,05,08,09,48,4F,52,4E,45,54,35
16:07:09.996 -> -72, 02,01,06,07,16,09,18,D3,30,00,FE,04,16,0F,18,05,08,09,48,4F,52,4E,45,54,35
16:07:09.996 -> -72, 02,01,06,07,16,09,18,D3,30,00,FE,04,16,0F,18,05,08,09,48,4F,52,4E,45,54,35
16:07:09.996 -> -71, 02,01,06,07,16,09,18,D3,30,00,FE,04,16,0F,18,05,08,09,48,4F,52,4E,45,54,35
16:07:09.996 -> -72, 02,01,06,07,16,09,18,D3,30,00,FE,04,16,0F,18,05,08,09,48,4F,52,4E,45,54,35
16:07:10.044 -> -72, 02,01,06,07,16,09,18,D3,30,00,FE,04,16,0F,18,05,08,09,48,4F,52,4E,45,54,35
16:07:10.044 -> -72, 02,01,06,07,16,09,18,D3,30,00,FE,04,16,0F,18,05,08,09,48,4F,52,4E,45,54,35
16:07:10.044 -> -72, 02,01,06,07,16,09,18,D3,30,00,FE,04,16,0F,18,05,08,09,48,4F,52,4E,45,54,35
16:07:10.044 -> -72, 02,01,06,07,16,09,18,D3,30,00,FE,04,16,0F,18,05,08,09,48,4F,52,4E,45,54,35
16:07:10.092 -> -72, 02,01,06,07,16,09,18,D3,30,00,FE,04,16,0F,18,05,08,09,48,4F,52,4E,45,54,35
16:07:10.092 -> -72, 02,01,06,07,16,09,18,D3,30,00,FE,04,16,0F,18,05,08,09,48,4F,52,4E,45,54,35
16:07:10.139 -> -72, 02,01,06,07,16,09,18,D3,30,00,FE,04,16,0F,18,05,08,09,48,4F,52,4E,45,54,35
16:07:10.139 -> -72, 02,01,06,07,16,09,18,D3,30,00,FE,04,16,0F,18,05,08,09,48,4F,52,4E,45,54,35
16:07:10.139 -> -72, 02,01,06,07,16,09,18,D3,30,00,FE,04,16,0F,18,05,08,09,48,4F,52,4E,45,54,35
16:07:10.187 -> -72, 02,01,06,07,16,09,18,D3,30,00,FE,04,16,0F,18,05,08,09,48,4F,52,4E,45,54,35
16:07:10.187 -> -72, 02,01,06,07,16,09,18,D3,30,00,FE,04,16,0F,18,05,08,09,48,4F,52,4E,45,54,35
16:07:10.187 -> -72, 02,01,06,07,16,09,18,D3,30,00,FE,04,16,0F,18,05,08,09,48,4F,52,4E,45,54,35
16:07:10.233 -> -72, 02,01,06,07,16,09,18,D3,30,00,FE,04,16,0F,18,05,08,09,48,4F,52,4E,45,54,35
16:07:10.233 -> -72, 02,01,06,07,16,09,18,D3,30,00,FE,04,16,0F,18,05,08,09,48,4F,52,4E,45,54,35
16:07:10.233 -> -72, 02,01,06,07,16,09,18,D3,30,00,FE,04,16,0F,18,05,08,09,48,4F,52,4E,45,54,35
16:07:10.279 -> -72, 02,01,06,07,16,09,18,D3,30,00,FE,04,16,0F,18,05,08,09,48,4F,52,4E,45,54,35
16:07:10.279 -> -72, 02,01,06,07,16,09,18,D3,30,00,FE,04,16,0F,18,05,08,09,48,4F,52,4E,45,54,35
16:07:10.279 -> -73, 02,01,06,07,16,09,18,D3,30,00,FE,04,16,0F,18,05,08,09,48,4F,52,4E,45,54,35
16:07:10.279 -> -72, 02,01,06,07,16,09,18,D3,30,00,FE,04,16,0F,18,05,08,09,48,4F,52,4E,45,54,35
16:07:10.279 -> -72, 02,01,06,07,16,09,18,D3,30,00,FE,04,16,0F,18,05,08,09,48,4F,52,4E,45,54,35
16:07:10.326 -> -72, 02,01,06,07,16,09,18,D3,30,00,FE,04,16,0F,18,05,08,09,48,4F,52,4E,45,54,35
16:07:10.326 -> -72, 02,01,06,07,16,09,18,D3,30,00,FE,04,16,0F,18,05,08,09,48,4F,52,4E,45,54,35
16:07:10.326 -> -72, 02,01,06,07,16,09,18,D3,30,00,FE,04,16,0F,18,05,08,09,48,4F,52,4E,45,54,35
16:07:10.326 -> -73, 02,01,06,07,16,09,18,D3,30,00,FE,04,16,0F,18,05,08,09,48,4F,52,4E,45,54,35
16:07:10.373 -> -73, 02,01,06,07,16,09,18,D3,30,00,FE,04,16,0F,18,05,08,09,48,4F,52,4E,45,54,35
16:07:10.373 -> -72, 02,01,06,07,16,09,18,D3,30,00,FE,04,16,0F,18,05,08,09,48,4F,52,4E,45,54,35
16:07:10.421 -> -72, 02,01,06,07,16,09,18,D3,30,00,FE,04,16,0F,18,05,08,09,48,4F,52,4E,45,54,35
16:07:10.421 -> -71, 02,01,06,07,16,09,18,D3,30,00,FE,04,16,0F,18,05,08,09,48,4F,52,4E,45,54,35
16:07:10.469 -> -71, 02,01,06,07,16,09,18,D3,30,00,FE,04,16,0F,18,05,08,09,48,4F,52,4E,45,54,35
16:07:10.469 -> -71, 02,01,06,07,16,09,18,D3,30,00,FE,04,16,0F,18,05,08,09,48,4F,52,4E,45,54,35
16:07:10.515 -> -71, 02,01,06,07,16,09,18,D3,30,00,FE,04,16,0F,18,05,08,09,48,4F,52,4E,45,54,35
16:07:10.515 -> -71, 02,01,06,07,16,09,18,D3,30,00,FE,04,16,0F,18,05,08,09,48,4F,52,4E,45,54,35
16:07:10.515 -> -71, 02,01,06,07,16,09,18,D3,30,00,FE,04,16,0F,18,05,08,09,48,4F,52,4E,45,54,35
16:07:10.515 -> -71, 02,01,06,07,16,09,18,D3,30,00,FE,04,16,0F,18,05,08,09,48,4F,52,4E,45,54,35
16:07:10.562 -> -70, 02,01,06,07,16,09,18,D3,30,00,FE,04,16,0F,18,05,08,09,48,4F,52,4E,45,54,35
16:07:10.562 -> -70, 02,01,06,07,16,09,18,D3,30,00,FE,04,16,0F,18,05,08,09,48,4F,52,4E,45,54,35
16:07:10.562 -> -70, 02,01,06,07,16,09,18,D3,30,00,FE,04,16,0F,18,05,08,09,48,4F,52,4E,45,54,35
16:07:10.562 -> -70, 02,01,06,07,16,09,18,D3,30,00,FE,04,16,0F,18,05,08,09,48,4F,52,4E,45,54,35
16:07:10.610 -> -70, 02,01,06,07,16,09,18,D3,30,00,FE,04,16,0F,18,05,08,09,48,4F,52,4E,45,54,35
16:07:10.610 -> -70, 02,01,06,07,16,09,18,D3,30,00,FE,04,16,0F,18,05,08,09,48,4F,52,4E,45,54,35
16:07:10.610 -> -70, 02,01,06,07,16,09,18,D3,30,00,FE,04,16,0F,18,05,08,09,48,4F,52,4E,45,54,35
16:07:10.658 -> -71, 02,01,06,07,16,09,18,D3,30,00,FE,04,16,0F,18,05,08,09,48,4F,52,4E,45,54,35
16:07:10.658 -> -70, 02,01,06,07,16,09,18,D3,30,00,FE,04,16,0F,18,05,08,09,48,4F,52,4E,45,54,35
16:07:10.658 -> -70, 02,01,06,07,16,09,18,D3,30,00,FE,04,16,0F,18,05,08,09,48,4F,52,4E,45,54,35
16:07:10.658 -> -70, 02,01,06,07,16,09,18,D3,30,00,FE,04,16,0F,18,05,08,09,48,4F,52,4E,45,54,35
16:07:10.704 -> -70, 02,01,06,07,16,09,18,D3,30,00,FE,04,16,0F,18,05,08,09,48,4F,52,4E,45,54,35
16:07:10.704 -> -71, 02,01,06,07,16,09,18,D3,30,00,FE,04,16,0F,18,05,08,09,48,4F,52,4E,45,54,35
16:07:10.704 -> -71, 02,01,06,07,16,09,18,D3,30,00,FE,04,16,0F,18,05,08,09,48,4F,52,4E,45,54,35
16:07:10.767 -> -70, 02,01,06,07,16,09,18,D3,30,00,FE,04,16,0F,18,05,08,09,48,4F,52,4E,45,54,35
16:07:10.767 -> -71, 02,01,06,07,16,09,18,D3,30,00,FE,04,16,0F,18,05,08,09,48,4F,52,4E,45,54,35
16:07:10.767 -> -71, 02,01,06,07,16,09,18,D3,30,00,FE,04,16,0F,18,05,08,09,48,4F,52,4E,45,54,35
16:07:10.767 -> -71, 02,01,06,07,16,09,18,D3,30,00,FE,04,16,0F,18,05,08,09,48,4F,52,4E,45,54,35
16:07:10.767 -> -70, 02,01,06,07,16,09,18,D3,30,00,FE,04,16,0F,18,05,08,09,48,4F,52,4E,45,54,35
16:07:10.812 -> -70, 02,01,06,07,16,09,18,D3,30,00,FE,04,16,0F,18,05,08,09,48,4F,52,4E,45,54,35
16:07:10.812 -> -70, 02,01,06,07,16,09,18,D3,30,00,FE,04,16,0F,18,05,08,09,48,4F,52,4E,45,54,35
16:07:10.858 -> -71, 02,01,06,07,16,09,18,D3,30,00,FE,04,16,0F,18,05,08,09,48,4F,52,4E,45,54,35
16:07:10.858 -> -70, 02,01,06,07,16,09,18,D3,30,00,FE,04,16,0F,18,05,08,09,48,4F,52,4E,45,54,35
16:07:10.858 -> -70, 02,01,06,07,16,09,18,D3,30,00,FE,04,16,0F,18,05,08,09,48,4F,52,4E,45,54,35
16:07:10.858 -> -71, 02,01,06,07,16,09,18,D3,30,00,FE,04,16,0F,18,05,08,09,48,4F,52,4E,45,54,35
16:07:10.906 -> -71, 02,01,06,07,16,09,18,D3,30,00,FE,04,16,0F,18,05,08,09,48,4F,52,4E,45,54,35
16:07:10.954 -> -71, 02,01,06,07,16,09,18,D3,30,00,FE,04,16,0F,18,05,08,09,48,4F,52,4E,45,54,35
16:07:10.954 -> -79, 02,01,06,07,16,09,18,D3,30,00,FE,04,16,0F,18,05,08,09,48,4F,52,4E,45,54,35
16:07:10.954 -> -79, 02,01,06,07,16,09,18,D3,30,00,FE,04,16,0F,18,05,08,09,48,4F,52,4E,45,54,35
16:07:10.999 -> -80, 02,01,06,07,16,09,18,D3,30,00,FE,04,16,0F,18,05,08,09,48,4F,52,4E,45,54,35
16:07:10.999 -> -79, 02,01,06,07,16,09,18,D3,30,00,FE,04,16,0F,18,05,08,09,48,4F,52,4E,45,54,35
16:07:11.045 -> -79, 02,01,06,07,16,09,18,D3,30,00,FE,04,16,0F,18,05,08,09,48,4F,52,4E,45,54,35
16:07:11.045 -> -80, 02,01,06,07,16,09,18,D3,30,00,FE,04,16,0F,18,05,08,09,48,4F,52,4E,45,54,35
16:07:11.045 -> -81, 02,01,06,07,16,09,18,D3,30,00,FE,04,16,0F,18,05,08,09,48,4F,52,4E,45,54,35
16:07:11.045 -> -80, 02,01,06,07,16,09,18,D3,30,00,FE,04,16,0F,18,05,08,09,48,4F,52,4E,45,54,35
16:07:11.093 -> -80, 02,01,06,07,16,09,18,D3,30,00,FE,04,16,0F,18,05,08,09,48,4F,52,4E,45,54,35
16:07:11.138 -> -81, 02,01,06,07,16,09,18,D3,30,00,FE,04,16,0F,18,05,08,09,48,4F,52,4E,45,54,35
16:07:11.138 -> -81, 02,01,06,07,16,09,18,D3,30,00,FE,04,16,0F,18,05,08,09,48,4F,52,4E,45,54,35
16:07:11.138 -> -80, 02,01,06,07,16,09,18,D3,30,00,FE,04,16,0F,18,05,08,09,48,4F,52,4E,45,54,35
16:07:11.185 -> -81, 02,01,06,07,16,09,18,D3,30,00,FE,04,16,0F,18,05,08,09,48,4F,52,4E,45,54,35
16:07:11.185 -> -81, 02,01,06,07,16,09,18,D3,30,00,FE,04,16,0F,18,05,08,09,48,4F,52,4E,45,54,35
16:07:11.185 -> -81, 02,01,06,07,16,09,18,D3,30,00,FE,04,16,0F,18,05,08,09,48,4F,52,4E,45,54,35
16:07:11.185 -> -80, 02,01,06,07,16,09,18,D3,30,00,FE,04,16,0F,18,05,08,09,48,4F,52,4E,45,54,35
16:07:11.231 -> -80, 02,01,06,07,16,09,18,D3,30,00,FE,04,16,0F,18,05,08,09,48,4F,52,4E,45,54,35
16:07:11.278 -> -80, 02,01,06,07,16,09,18,D3,30,00,FE,04,16,0F,18,05,08,09,48,4F,52,4E,45,54,35
16:07:11.278 -> -80, 02,01,06,07,16,09,18,D3,30,00,FE,04,16,0F,18,05,08,09,48,4F,52,4E,45,54,35
16:07:11.278 -> -81, 02,01,06,07,16,09,18,D3,30,00,FE,04,16,0F,18,05,08,09,48,4F,52,4E,45,54,35
16:07:11.325 -> -81, 02,01,06,07,16,09,18,D3,30,00,FE,04,16,0F,18,05,08,09,48,4F,52,4E,45,54,35
16:07:11.375 -> -80, 02,01,06,07,16,09,18,D3,30,00,FE,04,16,0F,18,05,08,09,48,4F,52,4E,45,54,35
16:07:11.375 -> -80, 02,01,06,07,16,09,18,D3,30,00,FE,04,16,0F,18,05,08,09,48,4F,52,4E,45,54,35
16:07:11.425 -> -81, 02,01,06,07,16,09,18,D3,30,00,FE,04,16,0F,18,05,08,09,48,4F,52,4E,45,54,35
16:07:11.425 -> -80, 02,01,06,07,16,09,18,D3,30,00,FE,04,16,0F,18,05,08,09,48,4F,52,4E,45,54,35
16:07:11.466 -> -73, 02,01,06,07,16,09,18,D3,30,00,FE,04,16,0F,18,05,08,09,48,4F,52,4E,45,54,35
16:07:11.466 -> -73, 02,01,06,07,16,09,18,D3,30,00,FE,04,16,0F,18,05,08,09,48,4F,52,4E,45,54,35
16:07:11.516 -> -73, 02,01,06,07,16,09,18,D3,30,00,FE,04,16,0F,18,05,08,09,48,4F,52,4E,45,54,35
16:07:11.516 -> -72, 02,01,06,07,16,09,18,D3,30,00,FE,04,16,0F,18,05,08,09,48,4F,52,4E,45,54,35
16:07:11.516 -> -72, 02,01,06,07,16,09,18,D3,30,00,FE,04,16,0F,18,05,08,09,48,4F,52,4E,45,54,35
16:07:11.516 -> -72, 02,01,06,07,16,09,18,D3,30,00,FE,04,16,0F,18,05,08,09,48,4F,52,4E,45,54,35
16:07:11.558 -> -72, 02,01,06,07,16,09,18,D3,30,00,FE,04,16,0F,18,05,08,09,48,4F,52,4E,45,54,35
16:07:11.558 -> -72, 02,01,06,07,16,09,18,D3,30,00,FE,04,16,0F,18,05,08,09,48,4F,52,4E,45,54,35
16:07:11.558 -> -72, 02,01,06,07,16,09,18,D3,30,00,FE,04,16,0F,18,05,08,09,48,4F,52,4E,45,54,35
16:07:11.604 -> -72, 02,01,06,07,16,09,18,D3,30,00,FE,04,16,0F,18,05,08,09,48,4F,52,4E,45,54,35
16:07:11.604 -> -72, 02,01,06,07,16,09,18,D3,30,00,FE,04,16,0F,18,05,08,09,48,4F,52,4E,45,54,35
16:07:11.604 -> -72, 02,01,06,07,16,09,18,D3,30,00,FE,04,16,0F,18,05,08,09,48,4F,52,4E,45,54,35
16:07:11.650 -> -72, 02,01,06,07,16,09,18,D3,30,00,FE,04,16,0F,18,05,08,09,48,4F,52,4E,45,54,35
16:07:11.650 -> -72, 02,01,06,07,16,09,18,D3,30,00,FE,04,16,0F,18,05,08,09,48,4F,52,4E,45,54,35
16:07:11.650 -> -72, 02,01,06,07,16,09,18,D3,30,00,FE,04,16,0F,18,05,08,09,48,4F,52,4E,45,54,35
16:07:11.696 -> -72, 02,01,06,07,16,09,18,D3,30,00,FE,04,16,0F,18,05,08,09,48,4F,52,4E,45,54,35
16:07:11.743 -> -72, 02,01,06,07,16,09,18,D3,30,00,FE,04,16,0F,18,05,08,09,48,4F,52,4E,45,54,35
16:07:11.743 -> -72, 02,01,06,07,16,09,18,D3,30,00,FE,04,16,0F,18,05,08,09,48,4F,52,4E,45,54,35
16:07:11.743 -> -72, 02,01,06,07,16,09,18,D3,30,00,FE,04,16,0F,18,05,08,09,48,4F,52,4E,45,54,35
16:07:11.743 -> -72, 02,01,06,07,16,09,18,D3,30,00,FE,04,16,0F,18,05,08,09,48,4F,52,4E,45,54,35
16:07:11.791 -> -72, 02,01,06,07,16,09,18,D3,30,00,FE,04,16,0F,18,05,08,09,48,4F,52,4E,45,54,35
16:07:11.791 -> -71, 02,01,06,07,16,09,18,D3,30,00,FE,04,16,0F,18,05,08,09,48,4F,52,4E,45,54,35
16:07:11.791 -> -72, 02,01,06,07,16,09,18,D3,30,00,FE,04,16,0F,18,05,08,09,48,4F,52,4E,45,54,35
16:07:11.836 -> -72, 02,01,06,07,16,09,18,D3,30,00,FE,04,16,0F,18,05,08,09,48,4F,52,4E,45,54,35
16:07:11.836 -> -72, 02,01,06,07,16,09,18,D3,30,00,FE,04,16,0F,18,05,08,09,48,4F,52,4E,45,54,35
16:07:11.836 -> -72, 02,01,06,07,16,09,18,D3,30,00,FE,04,16,0F,18,05,08,09,48,4F,52,4E,45,54,35
16:07:11.883 -> -72, 02,01,06,07,16,09,18,D3,30,00,FE,04,16,0F,18,05,08,09,48,4F,52,4E,45,54,35
16:07:11.883 -> -72, 02,01,06,07,16,09,18,D3,30,00,FE,04,16,0F,18,05,08,09,48,4F,52,4E,45,54,35
16:07:11.883 -> -72, 02,01,06,07,16,09,18,D3,30,00,FE,04,16,0F,18,05,08,09,48,4F,52,4E,45,54,35
16:07:11.883 -> -72, 02,01,06,07,16,09,18,D3,30,00,FE,04,16,0F,18,05,08,09,48,4F,52,4E,45,54,35
16:07:11.929 -> -72, 02,01,06,07,16,09,18,D3,30,00,FE,04,16,0F,18,05,08,09,48,4F,52,4E,45,54,35
16:07:11.929 -> -72, 02,01,06,07,16,09,18,D3,30,00,FE,04,16,0F,18,05,08,09,48,4F,52,4E,45,54,35
16:07:11.977 -> -70, 02,01,06,07,16,09,18,D3,30,00,FE,04,16,0F,18,05,08,09,48,4F,52,4E,45,54,35
16:07:11.977 -> -70, 02,01,06,07,16,09,18,D3,30,00,FE,04,16,0F,18,05,08,09,48,4F,52,4E,45,54,35
16:07:11.977 -> -70, 02,01,06,07,16,09,18,D3,30,00,FE,04,16,0F,18,05,08,09,48,4F,52,4E,45,54,35
16:07:11.977 -> -70, 02,01,06,07,16,09,18,D3,30,00,FE,04,16,0F,18,05,08,09,48,4F,52,4E,45,54,35
16:07:11.977 -> -70, 02,01,06,07,16,09,18,D3,30,00,FE,04,16,0F,18,05,08,09,48,4F,52,4E,45,54,35
16:07:12.022 -> -70, 02,01,06,07,16,09,18,D3,30,00,FE,04,16,0F,18,05,08,09,48,4F,52,4E,45,54,35
16:07:12.022 -> -70, 02,01,06,07,16,09,18,D3,30,00,FE,04,16,0F,18,05,08,09,48,4F,52,4E,45,54,35
16:07:12.068 -> -70, 02,01,06,07,16,09,18,D3,30,00,FE,04,16,0F,18,05,08,09,48,4F,52,4E,45,54,35
16:07:12.068 -> -70, 02,01,06,07,16,09,18,D3,30,00,FE,04,16,0F,18,05,08,09,48,4F,52,4E,45,54,35
16:07:12.068 -> -70, 02,01,06,07,16,09,18,D3,30,00,FE,04,16,0F,18,05,08,09,48,4F,52,4E,45,54,35
16:07:12.116 -> -70, 02,01,06,07,16,09,18,D3,30,00,FE,04,16,0F,18,05,08,09,48,4F,52,4E,45,54,35
16:07:12.116 -> -70, 02,01,06,07,16,09,18,D3,30,00,FE,04,16,0F,18,05,08,09,48,4F,52,4E,45,54,35
16:07:12.116 -> -70, 02,01,06,07,16,09,18,D3,30,00,FE,04,16,0F,18,05,08,09,48,4F,52,4E,45,54,35
16:07:12.161 -> -70, 02,01,06,07,16,09,18,D3,30,00,FE,04,16,0F,18,05,08,09,48,4F,52,4E,45,54,35
16:07:12.161 -> -70, 02,01,06,07,16,09,18,D3,30,00,FE,04,16,0F,18,05,08,09,48,4F,52,4E,45,54,35
16:07:12.161 -> -70, 02,01,06,07,16,09,18,D3,30,00,FE,04,16,0F,18,05,08,09,48,4F,52,4E,45,54,35
16:07:12.208 -> -70, 02,01,06,07,16,09,18,D3,30,00,FE,04,16,0F,18,05,08,09,48,4F,52,4E,45,54,35
16:07:12.208 -> -70, 02,01,06,07,16,09,18,D3,30,00,FE,04,16,0F,18,05,08,09,48,4F,52,4E,45,54,35
16:07:12.208 -> -70, 02,01,06,07,16,09,18,D3,30,00,FE,04,16,0F,18,05,08,09,48,4F,52,4E,45,54,35
16:07:12.208 -> -70, 02,01,06,07,16,09,18,D3,30,00,FE,04,16,0F,18,05,08,09,48,4F,52,4E,45,54,35
16:07:12.253 -> -70, 02,01,06,07,16,09,18,D3,30,00,FE,04,16,0F,18,05,08,09,48,4F,52,4E,45,54,35
16:07:12.253 -> -70, 02,01,06,07,16,09,18,D3,30,00,FE,04,16,0F,18,05,08,09,48,4F,52,4E,45,54,35
16:07:12.300 -> -70, 02,01,06,07,16,09,18,D3,30,00,FE,04,16,0F,18,05,08,09,48,4F,52,4E,45,54,35
16:07:12.300 -> -69, 02,01,06,07,16,09,18,D3,30,00,FE,04,16,0F,18,05,08,09,48,4F,52,4E,45,54,35
16:07:12.300 -> -70, 02,01,06,07,16,09,18,D3,30,00,FE,04,16,0F,18,05,08,09,48,4F,52,4E,45,54,35
16:07:12.300 -> -70, 02,01,06,07,16,09,18,D3,30,00,FE,04,16,0F,18,05,08,09,48,4F,52,4E,45,54,35
16:07:12.347 -> -70, 02,01,06,07,16,09,18,D3,30,00,FE,04,16,0F,18,05,08,09,48,4F,52,4E,45,54,35
16:07:12.347 -> -70, 02,01,06,07,16,09,18,D3,30,00,FE,04,16,0F,18,05,08,09,48,4F,52,4E,45,54,35
16:07:12.347 -> -70, 02,01,06,07,16,09,18,D3,30,00,FE,04,16,0F,18,05,08,09,48,4F,52,4E,45,54,35
16:07:12.347 -> -70, 02,01,06,07,16,09,18,D3,30,00,FE,04,16,0F,18,05,08,09,48,4F,52,4E,45,54,35
16:07:12.394 -> -69, 02,01,06,07,16,09,18,D3,30,00,FE,04,16,0F,18,05,08,09,48,4F,52,4E,45,54,35
16:07:12.394 -> -70, 02,01,06,07,16,09,18,D3,30,00,FE,04,16,0F,18,05,08,09,48,4F,52,4E,45,54,35
16:07:12.394 -> -70, 02,01,06,07,16,09,18,D3,30,00,FE,04,16,0F,18,05,08,09,48,4F,52,4E,45,54,35
16:07:12.441 -> -70, 02,01,06,07,16,09,18,D3,30,00,FE,04,16,0F,18,05,08,09,48,4F,52,4E,45,54,35
16:07:12.441 -> -70, 02,01,06,07,16,09,18,D3,30,00,FE,04,16,0F,18,05,08,09,48,4F,52,4E,45,54,35
16:07:12.441 -> -79, 02,01,06,07,16,09,18,D3,30,00,FE,04,16,0F,18,05,08,09,48,4F,52,4E,45,54,35
16:07:12.489 -> -79, 02,01,06,07,16,09,18,D3,30,00,FE,04,16,0F,18,05,08,09,48,4F,52,4E,45,54,35
16:07:12.489 -> -79, 02,01,06,07,16,09,18,D3,30,00,FE,04,16,0F,18,05,08,09,48,4F,52,4E,45,54,35
16:07:12.489 -> -80, 02,01,06,07,16,09,18,D3,30,00,FE,04,16,0F,18,05,08,09,48,4F,52,4E,45,54,35
16:07:12.489 -> -80, 02,01,06,07,16,09,18,D3,30,00,FE,04,16,0F,18,05,08,09,48,4F,52,4E,45,54,35
16:07:12.489 -> -79, 02,01,06,07,16,09,18,D3,30,00,FE,04,16,0F,18,05,08,09,48,4F,52,4E,45,54,35
16:07:12.533 -> -79, 02,01,06,07,16,09,18,D3,30,00,FE,04,16,0F,18,05,08,09,48,4F,52,4E,45,54,35
16:07:12.533 -> -80, 02,01,06,07,16,09,18,D3,30,00,FE,04,16,0F,18,05,08,09,48,4F,52,4E,45,54,35
16:07:12.580 -> -79, 02,01,06,07,16,09,18,D3,30,00,FE,04,16,0F,18,05,08,09,48,4F,52,4E,45,54,35
16:07:12.580 -> -79, 02,01,06,07,16,09,18,D3,30,00,FE,04,16,0F,18,05,08,09,48,4F,52,4E,45,54,35
16:07:12.636 -> -79, 02,01,06,07,16,09,18,D3,30,00,FE,04,16,0F,18,05,08,09,48,4F,52,4E,45,54,35
16:07:12.636 -> -79, 02,01,06,07,16,09,18,D3,30,00,FE,04,16,0F,18,05,08,09,48,4F,52,4E,45,54,35
16:07:12.636 -> -79, 02,01,06,07,16,09,18,D3,30,00,FE,04,16,0F,18,05,08,09,48,4F,52,4E,45,54,35
16:07:12.636 -> -79, 02,01,06,07,16,09,18,D3,30,00,FE,04,16,0F,18,05,08,09,48,4F,52,4E,45,54,35
16:07:12.691 -> -79, 02,01,06,07,16,09,18,D3,30,00,FE,04,16,0F,18,05,08,09,48,4F,52,4E,45,54,35
16:07:12.691 -> -80, 02,01,06,07,16,09,18,D3,30,00,FE,04,16,0F,18,05,08,09,48,4F,52,4E,45,54,35
16:07:12.691 -> -79, 02,01,06,07,16,09,18,D3,30,00,FE,04,16,0F,18,05,08,09,48,4F,52,4E,45,54,35
16:07:12.691 -> -80, 02,01,06,07,16,09,18,D3,30,00,FE,04,16,0F,18,05,08,09,48,4F,52,4E,45,54,35
16:07:12.732 -> -81, 02,01,06,07,16,09,18,D3,30,00,FE,04,16,0F,18,05,08,09,48,4F,52,4E,45,54,35
16:07:12.732 -> -80, 02,01,06,07,16,09,18,D3,30,00,FE,04,16,0F,18,05,08,09,48,4F,52,4E,45,54,35
16:07:12.774 -> -80, 02,01,06,07,16,09,18,D3,30,00,FE,04,16,0F,18,05,08,09,48,4F,52,4E,45,54,35
16:07:12.774 -> -80, 02,01,06,07,16,09,18,D3,30,00,FE,04,16,0F,18,05,08,09,48,4F,52,4E,45,54,35
16:07:12.819 -> -80, 02,01,06,07,16,09,18,D3,30,00,FE,04,16,0F,18,05,08,09,48,4F,52,4E,45,54,35
16:07:12.819 -> -80, 02,01,06,07,16,09,18,D3,30,00,FE,04,16,0F,18,05,08,09,48,4F,52,4E,45,54,35
16:07:12.819 -> -79, 02,01,06,07,16,09,18,D3,30,00,FE,04,16,0F,18,05,08,09,48,4F,52,4E,45,54,35
16:07:12.870 -> -80, 02,01,06,07,16,09,18,D3,30,00,FE,04,16,0F,18,05,08,09,48,4F,52,4E,45,54,35
16:07:12.906 -> -80, 02,01,06,07,16,09,18,D3,30,00,FE,04,16,0F,18,05,08,09,48,4F,52,4E,45,54,35
16:07:12.906 -> -80, 02,01,06,07,16,09,18,D3,30,00,FE,04,16,0F,18,05,08,09,48,4F,52,4E,45,54,35
16:07:12.906 -> -80, 02,01,06,07,16,09,18,D3,30,00,FE,04,16,0F,18,05,08,09,48,4F,52,4E,45,54,35
16:07:12.951 -> -72, 02,01,06,07,16,09,18,D3,30,00,FE,04,16,0F,18,05,08,09,48,4F,52,4E,45,54,35
16:07:12.998 -> -73, 02,01,06,07,16,09,18,D3,30,00,FE,04,16,0F,18,05,08,09,48,4F,52,4E,45,54,35
16:07:12.998 -> -72, 02,01,06,07,16,09,18,D3,30,00,FE,04,16,0F,18,05,08,09,48,4F,52,4E,45,54,35
16:07:13.045 -> -73, 02,01,06,07,16,09,18,D3,30,00,FE,04,16,0F,18,05,08,09,48,4F,52,4E,45,54,35
16:07:13.045 -> -72, 02,01,06,07,16,09,18,D3,30,00,FE,04,16,0F,18,05,08,09,48,4F,52,4E,45,54,35
16:07:13.093 -> -72, 02,01,06,07,16,09,18,D3,30,00,FE,04,16,0F,18,05,08,09,48,4F,52,4E,45,54,35
16:07:13.093 -> -72, 02,01,06,07,16,09,18,D3,30,00,FE,04,16,0F,18,05,08,09,48,4F,52,4E,45,54,35
16:07:13.093 -> -72, 02,01,06,07,16,09,18,D3,30,00,FE,04,16,0F,18,05,08,09,48,4F,52,4E,45,54,35
16:07:13.093 -> -72, 02,01,06,07,16,09,18,D3,30,00,FE,04,16,0F,18,05,08,09,48,4F,52,4E,45,54,35
16:07:13.093 -> -72, 02,01,06,07,16,09,18,D3,30,00,FE,04,16,0F,18,05,08,09,48,4F,52,4E,45,54,35
16:07:13.139 -> -72, 02,01,06,07,16,09,18,D3,30,00,FE,04,16,0F,18,05,08,09,48,4F,52,4E,45,54,35
16:07:13.139 -> -72, 02,01,06,07,16,09,18,D3,30,00,FE,04,16,0F,18,05,08,09,48,4F,52,4E,45,54,35
16:07:13.139 -> -72, 02,01,06,07,16,09,18,D3,30,00,FE,04,16,0F,18,05,08,09,48,4F,52,4E,45,54,35
16:07:13.184 -> -72, 02,01,06,07,16,09,18,D3,30,00,FE,04,16,0F,18,05,08,09,48,4F,52,4E,45,54,35
16:07:13.184 -> -72, 02,01,06,07,16,09,18,D3,30,00,FE,04,16,0F,18,05,08,09,48,4F,52,4E,45,54,35
16:07:13.184 -> -72, 02,01,06,07,16,09,18,D3,30,00,FE,04,16,0F,18,05,08,09,48,4F,52,4E,45,54,35
16:07:13.184 -> -72, 02,01,06,07,16,09,18,D3,30,00,FE,04,16,0F,18,05,08,09,48,4F,52,4E,45,54,35
16:07:13.231 -> -72, 02,01,06,07,16,09,18,D3,30,00,FE,04,16,0F,18,05,08,09,48,4F,52,4E,45,54,35
16:07:13.231 -> -72, 02,01,06,07,16,09,18,D3,30,00,FE,04,16,0F,18,05,08,09,48,4F,52,4E,45,54,35
16:07:13.231 -> -72, 02,01,06,07,16,09,18,D3,30,00,FE,04,16,0F,18,05,08,09,48,4F,52,4E,45,54,35
16:07:13.231 -> -72, 02,01,06,07,16,09,18,D3,30,00,FE,04,16,0F,18,05,08,09,48,4F,52,4E,45,54,35
16:07:13.278 -> -72, 02,01,06,07,16,09,18,D3,30,00,FE,04,16,0F,18,05,08,09,48,4F,52,4E,45,54,35
16:07:13.278 -> -72, 02,01,06,07,16,09,18,D3,30,00,FE,04,16,0F,18,05,08,09,48,4F,52,4E,45,54,35
16:07:13.325 -> -72, 02,01,06,07,16,09,18,D3,30,00,FE,04,16,0F,18,05,08,09,48,4F,52,4E,45,54,35
16:07:13.325 -> -72, 02,01,06,07,16,09,18,D3,30,00,FE,04,16,0F,18,05,08,09,48,4F,52,4E,45,54,35
16:07:13.325 -> -72, 02,01,06,07,16,09,18,D3,30,00,FE,04,16,0F,18,05,08,09,48,4F,52,4E,45,54,35
16:07:13.325 -> -71, 02,01,06,07,16,09,18,D3,30,00,FE,04,16,0F,18,05,08,09,48,4F,52,4E,45,54,35
16:07:13.373 -> -72, 02,01,06,07,16,09,18,D3,30,00,FE,04,16,0F,18,05,08,09,48,4F,52,4E,45,54,35
16:07:13.373 -> -72, 02,01,06,07,16,09,18,D3,30,00,FE,04,16,0F,18,05,08,09,48,4F,52,4E,45,54,35
16:07:13.373 -> -72, 02,01,06,07,16,09,18,D3,30,00,FE,04,16,0F,18,05,08,09,48,4F,52,4E,45,54,35
16:07:13.373 -> -72, 02,01,06,07,16,09,18,D3,30,00,FE,04,16,0F,18,05,08,09,48,4F,52,4E,45,54,35
16:07:13.419 -> -71, 02,01,06,07,16,09,18,D3,30,00,FE,04,16,0F,18,05,08,09,48,4F,52,4E,45,54,35
16:07:13.419 -> -71, 02,01,06,07,16,09,18,D3,30,00,FE,04,16,0F,18,05,08,09,48,4F,52,4E,45,54,35
16:07:13.419 -> -71, 02,01,06,07,16,09,18,D3,30,00,FE,04,16,0F,18,05,08,09,48,4F,52,4E,45,54,35
16:07:13.466 -> -70, 02,01,06,07,16,09,18,D3,30,00,FE,04,16,0F,18,05,08,09,48,4F,52,4E,45,54,35
16:07:13.466 -> -70, 02,01,06,07,16,09,18,D3,30,00,FE,04,16,0F,18,05,08,09,48,4F,52,4E,45,54,35
16:07:13.466 -> -71, 02,01,06,07,16,09,18,D3,30,00,FE,04,16,0F,18,05,08,09,48,4F,52,4E,45,54,35
16:07:13.466 -> -70, 02,01,06,07,16,09,18,D3,30,00,FE,04,16,0F,18,05,08,09,48,4F,52,4E,45,54,35
16:07:13.513 -> -70, 02,01,06,07,16,09,18,D3,30,00,FE,04,16,0F,18,06,08,09,48,4F,52,4E,45,54,35
16:07:13.513 -> -70, 02,01,06,07,16,09,18,D3,30,00,FE,04,16,0F,18,06,08,09,48,4F,52,4E,45,54,35
16:07:13.559 -> -70, 02,01,06,07,16,09,18,D3,30,00,FE,04,16,0F,18,06,08,09,48,4F,52,4E,45,54,35
16:07:13.559 -> -70, 02,01,06,07,16,09,18,D3,30,00,FE,04,16,0F,18,06,08,09,48,4F,52,4E,45,54,35
16:07:13.559 -> -70, 02,01,06,07,16,09,18,D3,30,00,FE,04,16,0F,18,06,08,09,48,4F,52,4E,45,54,35
16:07:13.604 -> -71, 02,01,06,07,16,09,18,D3,30,00,FE,04,16,0F,18,06,08,09,48,4F,52,4E,45,54,35
16:07:13.604 -> -70, 02,01,06,07,16,09,18,D3,30,00,FE,04,16,0F,18,06,08,09,48,4F,52,4E,45,54,35
16:07:13.651 -> -70, 02,01,06,07,16,09,18,D3,30,00,FE,04,16,0F,18,06,08,09,48,4F,52,4E,45,54,35
16:07:13.651 -> -71, 02,01,06,07,16,09,18,D3,30,00,FE,04,16,0F,18,06,08,09,48,4F,52,4E,45,54,35
16:07:13.651 -> -70, 02,01,06,07,16,09,18,D3,30,00,FE,04,16,0F,18,06,08,09,48,4F,52,4E,45,54,35
16:07:13.696 -> -70, 02,01,06,07,16,09,18,D3,30,00,FE,04,16,0F,18,06,08,09,48,4F,52,4E,45,54,35
16:07:13.696 -> -71, 02,01,06,07,16,09,18,D3,30,00,FE,04,16,0F,18,06,08,09,48,4F,52,4E,45,54,35
16:07:13.744 -> -71, 02,01,06,07,16,09,18,D3,30,00,FE,04,16,0F,18,06,08,09,48,4F,52,4E,45,54,35
16:07:13.744 -> -70, 02,01,06,07,16,09,18,D3,30,00,FE,04,16,0F,18,06,08,09,48,4F,52,4E,45,54,35
16:07:13.744 -> -70, 02,01,06,07,16,09,18,D3,30,00,FE,04,16,0F,18,06,08,09,48,4F,52,4E,45,54,35
16:07:13.791 -> -71, 02,01,06,07,16,09,18,D3,30,00,FE,04,16,0F,18,06,08,09,48,4F,52,4E,45,54,35
16:07:13.791 -> -73, 02,01,06,07,16,09,18,D3,30,00,FE,04,16,0F,18,06,08,09,48,4F,52,4E,45,54,35
16:07:13.838 -> -70, 02,01,06,07,16,09,18,D3,30,00,FE,04,16,0F,18,06,08,09,48,4F,52,4E,45,54,35
16:07:13.838 -> -71, 02,01,06,07,16,09,18,D3,30,00,FE,04,16,0F,18,06,08,09,48,4F,52,4E,45,54,35
16:07:13.838 -> -71, 02,01,06,07,16,09,18,D3,30,00,FE,04,16,0F,18,06,08,09,48,4F,52,4E,45,54,35
16:07:13.885 -> -71, 02,01,06,07,16,09,18,D3,30,00,FE,04,16,0F,18,06,08,09,48,4F,52,4E,45,54,35
16:07:13.885 -> -70, 02,01,06,07,16,09,18,D3,30,00,FE,04,16,0F,18,06,08,09,48,4F,52,4E,45,54,35
16:07:13.885 -> -70, 02,01,06,07,16,09,18,D3,30,00,FE,04,16,0F,18,06,08,09,48,4F,52,4E,45,54,35
16:07:13.885 -> -70, 02,01,06,07,16,09,18,D3,30,00,FE,04,16,0F,18,06,08,09,48,4F,52,4E,45,54,35
16:07:13.885 -> -70, 02,01,06,07,16,09,18,D3,30,00,FE,04,16,0F,18,06,08,09,48,4F,52,4E,45,54,35
16:07:13.931 -> -70, 02,01,06,07,16,09,18,D3,30,00,FE,04,16,0F,18,06,08,09,48,4F,52,4E,45,54,35
16:07:13.931 -> -75, 02,01,06,07,16,09,18,D3,30,00,FE,04,16,0F,18,06,08,09,48,4F,52,4E,45,54,35
16:07:13.931 -> -75, 02,01,06,07,16,09,18,D3,30,00,FE,04,16,0F,18,06,08,09,48,4F,52,4E,45,54,35
16:07:13.979 -> -75, 02,01,06,07,16,09,18,D3,30,00,FE,04,16,0F,18,06,08,09,48,4F,52,4E,45,54,35
16:07:13.979 -> -75, 02,01,06,07,16,09,18,D3,30,00,FE,04,16,0F,18,06,08,09,48,4F,52,4E,45,54,35
16:07:13.979 -> -75, 02,01,06,07,16,09,18,D3,30,00,FE,04,16,0F,18,06,08,09,48,4F,52,4E,45,54,35
16:07:13.979 -> -75, 02,01,06,07,16,09,18,D3,30,00,FE,04,16,0F,18,06,08,09,48,4F,52,4E,45,54,35
16:07:14.025 -> -75, 02,01,06,07,16,09,18,D3,30,00,FE,04,16,0F,18,06,08,09,48,4F,52,4E,45,54,35
16:07:14.025 -> -75, 02,01,06,07,16,09,18,D3,30,00,FE,04,16,0F,18,06,08,09,48,4F,52,4E,45,54,35
16:07:14.025 -> -75, 02,01,06,07,16,09,18,D3,30,00,FE,04,16,0F,18,06,08,09,48,4F,52,4E,45,54,35
16:07:14.072 -> -75, 02,01,06,07,16,09,18,D3,30,00,FE,04,16,0F,18,06,08,09,48,4F,52,4E,45,54,35
16:07:14.072 -> -75, 02,01,06,07,16,09,18,D3,30,00,FE,04,16,0F,18,06,08,09,48,4F,52,4E,45,54,35
16:07:14.072 -> -75, 02,01,06,07,16,09,18,D3,30,00,FE,04,16,0F,18,06,08,09,48,4F,52,4E,45,54,35
16:07:14.072 -> -75, 02,01,06,07,16,09,18,D3,30,00,FE,04,16,0F,18,06,08,09,48,4F,52,4E,45,54,35
16:07:14.072 -> -75, 02,01,06,07,16,09,18,D3,30,00,FE,04,16,0F,18,06,08,09,48,4F,52,4E,45,54,35
16:07:14.119 -> -75, 02,01,06,07,16,09,18,D3,30,00,FE,04,16,0F,18,06,08,09,48,4F,52,4E,45,54,35
16:07:14.119 -> -75, 02,01,06,07,16,09,18,D3,30,00,FE,04,16,0F,18,06,08,09,48,4F,52,4E,45,54,35
16:07:14.119 -> -75, 02,01,06,07,16,09,18,D3,30,00,FE,04,16,0F,18,06,08,09,48,4F,52,4E,45,54,35
16:07:14.119 -> -75, 02,01,06,07,16,09,18,D3,30,00,FE,04,16,0F,18,06,08,09,48,4F,52,4E,45,54,35
16:07:14.165 -> -75, 02,01,06,07,16,09,18,D3,30,00,FE,04,16,0F,18,06,08,09,48,4F,52,4E,45,54,35
16:07:14.165 -> -75, 02,01,06,07,16,09,18,D3,30,00,FE,04,16,0F,18,06,08,09,48,4F,52,4E,45,54,35
16:07:14.165 -> -74, 02,01,06,07,16,09,18,D3,30,00,FE,04,16,0F,18,06,08,09,48,4F,52,4E,45,54,35
16:07:14.212 -> -75, 02,01,06,07,16,09,18,D3,30,00,FE,04,16,0F,18,06,08,09,48,4F,52,4E,45,54,35
16:07:14.212 -> -74, 02,01,06,07,16,09,18,D3,30,00,FE,04,16,0F,18,06,08,09,48,4F,52,4E,45,54,35
16:07:14.212 -> -74, 02,01,06,07,16,09,18,D3,30,00,FE,04,16,0F,18,06,08,09,48,4F,52,4E,45,54,35
16:07:14.212 -> -74, 02,01,06,07,16,09,18,D3,30,00,FE,04,16,0F,18,06,08,09,48,4F,52,4E,45,54,35
16:07:14.258 -> -74, 02,01,06,07,16,09,18,D3,30,00,FE,04,16,0F,18,06,08,09,48,4F,52,4E,45,54,35
16:07:14.258 -> -74, 02,01,06,07,16,09,18,D3,30,00,FE,04,16,0F,18,06,08,09,48,4F,52,4E,45,54,35
16:07:14.258 -> -74, 02,01,06,07,16,09,18,D3,30,00,FE,04,16,0F,18,06,08,09,48,4F,52,4E,45,54,35
16:07:14.258 -> -75, 02,01,06,07,16,09,18,D3,30,00,FE,04,16,0F,18,06,08,09,48,4F,52,4E,45,54,35
16:07:14.305 -> -74, 02,01,06,07,16,09,18,D3,30,00,FE,04,16,0F,18,06,08,09,48,4F,52,4E,45,54,35
16:07:14.305 -> -74, 02,01,06,07,16,09,18,D3,30,00,FE,04,16,0F,18,06,08,09,48,4F,52,4E,45,54,35
16:07:14.305 -> -74, 02,01,06,07,16,09,18,D3,30,00,FE,04,16,0F,18,06,08,09,48,4F,52,4E,45,54,35
16:07:14.305 -> -74, 02,01,06,07,16,09,18,D3,30,00,FE,04,16,0F,18,06,08,09,48,4F,52,4E,45,54,35
16:07:14.353 -> -74, 02,01,06,07,16,09,18,D3,30,00,FE,04,16,0F,18,06,08,09,48,4F,52,4E,45,54,35
16:07:14.353 -> -74, 02,01,06,07,16,09,18,D3,30,00,FE,04,16,0F,18,06,08,09,48,4F,52,4E,45,54,35
16:07:14.353 -> -74, 02,01,06,07,16,09,18,D3,30,00,FE,04,16,0F,18,06,08,09,48,4F,52,4E,45,54,35
16:07:14.353 -> -74, 02,01,06,07,16,09,18,D3,30,00,FE,04,16,0F,18,06,08,09,48,4F,52,4E,45,54,35
16:07:14.400 -> -74, 02,01,06,07,16,09,18,D3,30,00,FE,04,16,0F,18,06,08,09,48,4F,52,4E,45,54,35
16:07:14.400 -> -74, 02,01,06,07,16,09,18,D3,30,00,FE,04,16,0F,18,06,08,09,48,4F,52,4E,45,54,35
16:07:14.400 -> -74, 02,01,06,07,16,09,18,D3,30,00,FE,04,16,0F,18,06,08,09,48,4F,52,4E,45,54,35
16:07:14.400 -> -74, 02,01,06,07,16,09,18,D3,30,00,FE,04,16,0F,18,06,08,09,48,4F,52,4E,45,54,35
16:07:14.495 -> -71, 02,01,06,07,16,09,18,D3,30,00,FE,04,16,0F,18,06,08,09,48,4F,52,4E,45,54,35
16:07:14.495 -> -71, 02,01,06,07,16,09,18,D3,30,00,FE,04,16,0F,18,05,08,09,48,4F,52,4E,45,54,35
16:07:14.495 -> -71, 02,01,06,07,16,09,18,D3,30,00,FE,04,16,0F,18,05,08,09,48,4F,52,4E,45,54,35
16:07:14.541 -> -71, 02,01,06,07,16,09,18,D3,30,00,FE,04,16,0F,18,05,08,09,48,4F,52,4E,45,54,35
16:07:14.541 -> -71, 02,01,06,07,16,09,18,D3,30,00,FE,04,16,0F,18,05,08,09,48,4F,52,4E,45,54,35
16:07:14.541 -> -71, 02,01,06,07,16,09,18,D3,30,00,FE,04,16,0F,18,05,08,09,48,4F,52,4E,45,54,35
16:07:14.541 -> -71, 02,01,06,07,16,09,18,D3,30,00,FE,04,16,0F,18,05,08,09,48,4F,52,4E,45,54,35
16:07:14.541 -> -71, 02,01,06,07,16,09,18,D3,30,00,FE,04,16,0F,18,05,08,09,48,4F,52,4E,45,54,35
16:07:14.588 -> -71, 02,01,06,07,16,09,18,D3,30,00,FE,04,16,0F,18,05,08,09,48,4F,52,4E,45,54,35
16:07:14.588 -> -71, 02,01,06,07,16,09,18,D3,30,00,FE,04,16,0F,18,05,08,09,48,4F,52,4E,45,54,35
16:07:14.588 -> -71, 02,01,06,07,16,09,18,D3,30,00,FE,04,16,0F,18,05,08,09,48,4F,52,4E,45,54,35
16:07:14.588 -> -71, 02,01,06,07,16,09,18,D3,30,00,FE,04,16,0F,18,05,08,09,48,4F,52,4E,45,54,35
16:07:14.635 -> -71, 02,01,06,07,16,09,18,D3,30,00,FE,04,16,0F,18,05,08,09,48,4F,52,4E,45,54,35
16:07:14.635 -> -71, 02,01,06,07,16,09,18,D3,30,00,FE,04,16,0F,18,05,08,09,48,4F,52,4E,45,54,35
16:07:14.635 -> -72, 02,01,06,07,16,09,18,D3,30,00,FE,04,16,0F,18,05,08,09,48,4F,52,4E,45,54,35
16:07:14.635 -> -71, 02,01,06,07,16,09,18,D3,30,00,FE,04,16,0F,18,05,08,09,48,4F,52,4E,45,54,35
16:07:14.682 -> -71, 02,01,06,07,16,09,18,D3,30,00,FE,04,16,0F,18,05,08,09,48,4F,52,4E,45,54,35
16:07:14.682 -> -71, 02,01,06,07,16,09,18,D3,30,00,FE,04,16,0F,18,05,08,09,48,4F,52,4E,45,54,35
16:07:14.682 -> -71, 02,01,06,07,16,09,18,D3,30,00,FE,04,16,0F,18,05,08,09,48,4F,52,4E,45,54,35
16:07:14.729 -> -71, 02,01,06,07,16,09,18,D3,30,00,FE,04,16,0F,18,05,08,09,48,4F,52,4E,45,54,35
16:07:14.729 -> -71, 02,01,06,07,16,09,18,D3,30,00,FE,04,16,0F,18,05,08,09,48,4F,52,4E,45,54,35
16:07:14.729 -> -71, 02,01,06,07,16,09,18,D3,30,00,FE,04,16,0F,18,05,08,09,48,4F,52,4E,45,54,35
16:07:14.777 -> -71, 02,01,06,07,16,09,18,D3,30,00,FE,04,16,0F,18,05,08,09,48,4F,52,4E,45,54,35
16:07:14.777 -> -72, 02,01,06,07,16,09,18,D3,30,00,FE,04,16,0F,18,05,08,09,48,4F,52,4E,45,54,35
16:07:14.777 -> -71, 02,01,06,07,16,09,18,D3,30,00,FE,04,16,0F,18,05,08,09,48,4F,52,4E,45,54,35
16:07:14.777 -> -71, 02,01,06,07,16,09,18,D3,30,00,FE,04,16,0F,18,05,08,09,48,4F,52,4E,45,54,35
16:07:14.822 -> -71, 02,01,06,07,16,09,18,D3,30,00,FE,04,16,0F,18,05,08,09,48,4F,52,4E,45,54,35
16:07:14.822 -> -72, 02,01,06,07,16,09,18,D3,30,00,FE,04,16,0F,18,05,08,09,48,4F,52,4E,45,54,35
16:07:14.822 -> -71, 02,01,06,07,16,09,18,D3,30,00,FE,04,16,0F,18,05,08,09,48,4F,52,4E,45,54,35
16:07:14.822 -> -72, 02,01,06,07,16,09,18,D3,30,00,FE,04,16,0F,18,05,08,09,48,4F,52,4E,45,54,35
16:07:14.868 -> -72, 02,01,06,07,16,09,18,D3,30,00,FE,04,16,0F,18,05,08,09,48,4F,52,4E,45,54,35
16:07:14.868 -> -72, 02,01,06,07,16,09,18,D3,30,00,FE,04,16,0F,18,05,08,09,48,4F,52,4E,45,54,35
16:07:14.868 -> -71, 02,01,06,07,16,09,18,D3,30,00,FE,04,16,0F,18,05,08,09,48,4F,52,4E,45,54,35
16:07:14.868 -> -72, 02,01,06,07,16,09,18,D3,30,00,FE,04,16,0F,18,05,08,09,48,4F,52,4E,45,54,35
16:07:14.917 -> -72, 02,01,06,07,16,09,18,D3,30,00,FE,04,16,0F,18,05,08,09,48,4F,52,4E,45,54,35
16:07:14.917 -> -71, 02,01,06,07,16,09,18,D3,30,00,FE,04,16,0F,18,05,08,09,48,4F,52,4E,45,54,35
16:07:14.917 -> -72, 02,01,06,07,16,09,18,D3,30,00,FE,04,16,0F,18,05,08,09,48,4F,52,4E,45,54,35
16:07:14.962 -> -70, 02,01,06,07,16,09,18,D3,30,00,FE,04,16,0F,18,05,08,09,48,4F,52,4E,45,54,35
16:07:14.962 -> -71, 02,01,06,07,16,09,18,D3,30,00,FE,04,16,0F,18,05,08,09,48,4F,52,4E,45,54,35
16:07:14.962 -> -70, 02,01,06,07,16,09,18,D3,30,00,FE,04,16,0F,18,05,08,09,48,4F,52,4E,45,54,35
16:07:15.009 -> -71, 02,01,06,07,16,09,18,D3,30,00,FE,04,16,0F,18,05,08,09,48,4F,52,4E,45,54,35
16:07:15.009 -> -71, 02,01,06,07,16,09,18,D3,30,00,FE,04,16,0F,18,05,08,09,48,4F,52,4E,45,54,35
16:07:15.009 -> -71, 02,01,06,07,16,09,18,D3,30,00,FE,04,16,0F,18,05,08,09,48,4F,52,4E,45,54,35
16:07:15.056 -> -71, 02,01,06,07,16,09,18,D3,30,00,FE,04,16,0F,18,05,08,09,48,4F,52,4E,45,54,35
16:07:15.056 -> -70, 02,01,06,07,16,09,18,D3,30,00,FE,04,16,0F,18,05,08,09,48,4F,52,4E,45,54,35
16:07:15.056 -> -70, 02,01,06,07,16,09,18,D3,30,00,FE,04,16,0F,18,05,08,09,48,4F,52,4E,45,54,35
16:07:15.056 -> -73, 02,01,06,07,16,09,18,D3,30,00,FE,04,16,0F,18,05,08,09,48,4F,52,4E,45,54,35
16:07:15.103 -> -71, 02,01,06,07,16,09,18,D3,30,00,FE,04,16,0F,18,05,08,09,48,4F,52,4E,45,54,35
16:07:15.103 -> -70, 02,01,06,07,16,09,18,D3,30,00,FE,04,16,0F,18,05,08,09,48,4F,52,4E,45,54,35
16:07:15.103 -> -70, 02,01,06,07,16,09,18,D3,30,00,FE,04,16,0F,18,05,08,09,48,4F,52,4E,45,54,35
16:07:15.150 -> -71, 02,01,06,07,16,09,18,D3,30,00,FE,04,16,0F,18,05,08,09,48,4F,52,4E,45,54,35
16:07:15.150 -> -70, 02,01,06,07,16,09,18,D3,30,00,FE,04,16,0F,18,05,08,09,48,4F,52,4E,45,54,35
16:07:15.150 -> -71, 02,01,06,07,16,09,18,D3,30,00,FE,04,16,0F,18,05,08,09,48,4F,52,4E,45,54,35
16:07:15.196 -> -71, 02,01,06,07,16,09,18,D3,30,00,FE,04,16,0F,18,05,08,09,48,4F,52,4E,45,54,35
16:07:15.196 -> -70, 02,01,06,07,16,09,18,D3,30,00,FE,04,16,0F,18,05,08,09,48,4F,52,4E,45,54,35
16:07:15.196 -> -70, 02,01,06,07,16,09,18,D3,30,00,FE,04,16,0F,18,05,08,09,48,4F,52,4E,45,54,35
16:07:15.196 -> -70, 02,01,06,07,16,09,18,D3,30,00,FE,04,16,0F,18,05,08,09,48,4F,52,4E,45,54,35
16:07:15.243 -> -70, 02,01,06,07,16,09,18,D3,30,00,FE,04,16,0F,18,05,08,09,48,4F,52,4E,45,54,35
16:07:15.243 -> -70, 02,01,06,07,16,09,18,D3,30,00,FE,04,16,0F,18,05,08,09,48,4F,52,4E,45,54,35
16:07:15.243 -> -71, 02,01,06,07,16,09,18,D3,30,00,FE,04,16,0F,18,05,08,09,48,4F,52,4E,45,54,35
16:07:15.291 -> -70, 02,01,06,07,16,09,18,D3,30,00,FE,04,16,0F,18,05,08,09,48,4F,52,4E,45,54,35
16:07:15.291 -> -70, 02,01,06,07,16,09,18,D3,30,00,FE,04,16,0F,18,05,08,09,48,4F,52,4E,45,54,35
16:07:15.338 -> -70, 02,01,06,07,16,09,18,D3,30,00,FE,04,16,0F,18,05,08,09,48,4F,52,4E,45,54,35
16:07:15.338 -> -70, 02,01,06,07,16,09,18,D3,30,00,FE,04,16,0F,18,05,08,09,48,4F,52,4E,45,54,35
16:07:15.338 -> -70, 02,01,06,07,16,09,18,D3,30,00,FE,04,16,0F,18,05,08,09,48,4F,52,4E,45,54,35
16:07:15.338 -> -70, 02,01,06,07,16,09,18,D3,30,00,FE,04,16,0F,18,05,08,09,48,4F,52,4E,45,54,35
16:07:15.385 -> -70, 02,01,06,07,16,09,18,D3,30,00,FE,04,16,0F,18,05,08,09,48,4F,52,4E,45,54,35
16:07:15.385 -> -70, 02,01,06,07,16,09,18,D3,30,00,FE,04,16,0F,18,05,08,09,48,4F,52,4E,45,54,35
16:07:15.432 -> -70, 02,01,06,07,16,09,18,D3,30,00,FE,04,16,0F,18,05,08,09,48,4F,52,4E,45,54,35
16:07:15.432 -> -70, 02,01,06,07,16,09,18,D3,30,00,FE,04,16,0F,18,05,08,09,48,4F,52,4E,45,54,35
16:07:15.432 -> -70, 02,01,06,07,16,09,18,D3,30,00,FE,04,16,0F,18,05,08,09,48,4F,52,4E,45,54,35
16:07:15.432 -> -74, 02,01,06,07,16,09,18,D3,30,00,FE,04,16,0F,18,05,08,09,48,4F,52,4E,45,54,35
16:07:15.478 -> -74, 02,01,06,07,16,09,18,D3,30,00,FE,04,16,0F,18,05,08,09,48,4F,52,4E,45,54,35
16:07:15.478 -> -74, 02,01,06,07,16,09,18,D3,30,00,FE,04,16,0F,18,05,08,09,48,4F,52,4E,45,54,35
16:07:15.478 -> -75, 02,01,06,07,16,09,18,D3,30,00,FE,04,16,0F,18,05,08,09,48,4F,52,4E,45,54,35
16:07:15.478 -> -74, 02,01,06,07,16,09,18,D3,30,00,FE,04,16,0F,18,05,08,09,48,4F,52,4E,45,54,35
16:07:15.525 -> -74, 02,01,06,07,16,09,18,D3,30,00,FE,04,16,0F,18,05,08,09,48,4F,52,4E,45,54,35
16:07:15.525 -> -74, 02,01,06,07,16,09,18,D3,30,00,FE,04,16,0F,18,05,08,09,48,4F,52,4E,45,54,35
16:07:15.525 -> -74, 02,01,06,07,16,09,18,D3,30,00,FE,04,16,0F,18,05,08,09,48,4F,52,4E,45,54,35
16:07:15.525 -> -74, 02,01,06,07,16,09,18,D3,30,00,FE,04,16,0F,18,05,08,09,48,4F,52,4E,45,54,35
16:07:15.572 -> -75, 02,01,06,07,16,09,18,D3,30,00,FE,04,16,0F,18,05,08,09,48,4F,52,4E,45,54,35
16:07:15.572 -> -75, 02,01,06,07,16,09,18,D3,30,00,FE,04,16,0F,18,05,08,09,48,4F,52,4E,45,54,35
16:07:15.572 -> -75, 02,01,06,07,16,09,18,D3,30,00,FE,04,16,0F,18,05,08,09,48,4F,52,4E,45,54,35
16:07:15.572 -> -74, 02,01,06,07,16,09,18,D3,30,00,FE,04,16,0F,18,05,08,09,48,4F,52,4E,45,54,35
16:07:15.572 -> -74, 02,01,06,07,16,09,18,D3,30,00,FE,04,16,0F,18,05,08,09,48,4F,52,4E,45,54,35
16:07:15.618 -> -75, 02,01,06,07,16,09,18,D3,30,00,FE,04,16,0F,18,05,08,09,48,4F,52,4E,45,54,35
16:07:15.618 -> -75, 02,01,06,07,16,09,18,D3,30,00,FE,04,16,0F,18,05,08,09,48,4F,52,4E,45,54,35
16:07:15.618 -> -75, 02,01,06,07,16,09,18,D3,30,00,FE,04,16,0F,18,05,08,09,48,4F,52,4E,45,54,35
16:07:15.664 -> -74, 02,01,06,07,16,09,18,D3,30,00,FE,04,16,0F,18,05,08,09,48,4F,52,4E,45,54,35
16:07:15.664 -> -74, 02,01,06,07,16,09,18,D3,30,00,FE,04,16,0F,18,05,08,09,48,4F,52,4E,45,54,35
16:07:15.664 -> -75, 02,01,06,07,16,09,18,D3,30,00,FE,04,16,0F,18,05,08,09,48,4F,52,4E,45,54,35
16:07:15.664 -> -75, 02,01,06,07,16,09,18,D3,30,00,FE,04,16,0F,18,05,08,09,48,4F,52,4E,45,54,35
16:07:15.712 -> -75, 02,01,06,07,16,09,18,D3,30,00,FE,04,16,0F,18,05,08,09,48,4F,52,4E,45,54,35
16:07:15.712 -> -75, 02,01,06,07,16,09,18,D3,30,00,FE,04,16,0F,18,05,08,09,48,4F,52,4E,45,54,35
16:07:15.712 -> -75, 02,01,06,07,16,09,18,D3,30,00,FE,04,16,0F,18,05,08,09,48,4F,52,4E,45,54,35
16:07:15.712 -> -75, 02,01,06,07,16,09,18,D3,30,00,FE,04,16,0F,18,05,08,09,48,4F,52,4E,45,54,35
16:07:15.758 -> -75, 02,01,06,07,16,09,18,D3,30,00,FE,04,16,0F,18,05,08,09,48,4F,52,4E,45,54,35
16:07:15.758 -> -75, 02,01,06,07,16,09,18,D3,30,00,FE,04,16,0F,18,05,08,09,48,4F,52,4E,45,54,35
16:07:15.758 -> -75, 02,01,06,07,16,09,18,D3,30,00,FE,04,16,0F,18,05,08,09,48,4F,52,4E,45,54,35
16:07:15.758 -> -75, 02,01,06,07,16,09,18,D3,30,00,FE,04,16,0F,18,05,08,09,48,4F,52,4E,45,54,35
16:07:15.804 -> -76, 02,01,06,07,16,09,18,D3,30,00,FE,04,16,0F,18,05,08,09,48,4F,52,4E,45,54,35
16:07:15.804 -> -76, 02,01,06,07,16,09,18,D3,30,00,FE,04,16,0F,18,05,08,09,48,4F,52,4E,45,54,35
16:07:15.804 -> -76, 02,01,06,07,16,09,18,D3,30,00,FE,04,16,0F,18,05,08,09,48,4F,52,4E,45,54,35
16:07:15.804 -> -75, 02,01,06,07,16,09,18,D3,30,00,FE,04,16,0F,18,05,08,09,48,4F,52,4E,45,54,35
16:07:15.852 -> -75, 02,01,06,07,16,09,18,D3,30,00,FE,04,16,0F,18,05,08,09,48,4F,52,4E,45,54,35
16:07:15.852 -> -75, 02,01,06,07,16,09,18,D3,30,00,FE,04,16,0F,18,05,08,09,48,4F,52,4E,45,54,35
16:07:15.852 -> -75, 02,01,06,07,16,09,18,D3,30,00,FE,04,16,0F,18,05,08,09,48,4F,52,4E,45,54,35
16:07:15.852 -> -75, 02,01,06,07,16,09,18,D3,30,00,FE,04,16,0F,18,05,08,09,48,4F,52,4E,45,54,35
16:07:15.900 -> -75, 02,01,06,07,16,09,18,D3,30,00,FE,04,16,0F,18,05,08,09,48,4F,52,4E,45,54,35
16:07:15.900 -> -75, 02,01,06,07,16,09,18,D3,30,00,FE,04,16,0F,18,05,08,09,48,4F,52,4E,45,54,35
16:07:15.900 -> -75, 02,01,06,07,16,09,18,D3,30,00,FE,04,16,0F,18,05,08,09,48,4F,52,4E,45,54,35
16:07:15.900 -> -75, 02,01,06,07,16,09,18,D3,30,00,FE,04,16,0F,18,05,08,09,48,4F,52,4E,45,54,35
16:07:15.946 -> -75, 02,01,06,07,16,09,18,D3,30,00,FE,04,16,0F,18,05,08,09,48,4F,52,4E,45,54,35
16:07:15.946 -> -75, 02,01,06,07,16,09,18,D3,30,00,FE,04,16,0F,18,05,08,09,48,4F,52,4E,45,54,35
16:07:15.946 -> -71, 02,01,06,07,16,09,18,D3,30,00,FE,04,16,0F,18,05,08,09,48,4F,52,4E,45,54,35
16:07:15.946 -> -71, 02,01,06,07,16,09,18,D3,30,00,FE,04,16,0F,18,05,08,09,48,4F,52,4E,45,54,35
16:07:15.992 -> -71, 02,01,06,07,16,09,18,D3,30,00,FE,04,16,0F,18,05,08,09,48,4F,52,4E,45,54,35
16:07:15.992 -> -71, 02,01,06,07,16,09,18,D3,30,00,FE,04,16,0F,18,05,08,09,48,4F,52,4E,45,54,35
16:07:15.992 -> -71, 02,01,06,07,16,09,18,D3,30,00,FE,04,16,0F,18,05,08,09,48,4F,52,4E,45,54,35
16:07:16.038 -> -71, 02,01,06,07,16,09,18,D3,30,00,FE,04,16,0F,18,05,08,09,48,4F,52,4E,45,54,35
16:07:16.086 -> -71, 02,01,06,07,16,09,18,D3,30,00,FE,04,16,0F,18,05,08,09,48,4F,52,4E,45,54,35
16:07:16.086 -> -71, 02,01,06,07,16,09,18,D3,30,00,FE,04,16,0F,18,05,08,09,48,4F,52,4E,45,54,35
16:07:16.086 -> -71, 02,01,06,07,16,09,18,D3,30,00,FE,04,16,0F,18,05,08,09,48,4F,52,4E,45,54,35
16:07:16.086 -> -71, 02,01,06,07,16,09,18,D3,30,00,FE,04,16,0F,18,05,08,09,48,4F,52,4E,45,54,35
16:07:16.132 -> -71, 02,01,06,07,16,09,18,D3,30,00,FE,04,16,0F,18,05,08,09,48,4F,52,4E,45,54,35
16:07:16.132 -> -71, 02,01,06,07,16,09,18,D3,30,00,FE,04,16,0F,18,05,08,09,48,4F,52,4E,45,54,35
16:07:16.132 -> -71, 02,01,06,07,16,09,18,D3,30,00,FE,04,16,0F,18,05,08,09,48,4F,52,4E,45,54,35
16:07:16.132 -> -71, 02,01,06,07,16,09,18,D3,30,00,FE,04,16,0F,18,05,08,09,48,4F,52,4E,45,54,35
16:07:16.132 -> -71, 02,01,06,07,16,09,18,D3,30,00,FE,04,16,0F,18,05,08,09,48,4F,52,4E,45,54,35
16:07:16.181 -> -71, 02,01,06,07,16,09,18,D3,30,00,FE,04,16,0F,18,05,08,09,48,4F,52,4E,45,54,35
16:07:16.181 -> -71, 02,01,06,07,16,09,18,D3,30,00,FE,04,16,0F,18,05,08,09,48,4F,52,4E,45,54,35
16:07:16.181 -> -71, 02,01,06,07,16,09,18,D3,30,00,FE,04,16,0F,18,05,08,09,48,4F,52,4E,45,54,35
16:07:16.181 -> -71, 02,01,06,07,16,09,18,D3,30,00,FE,04,16,0F,18,05,08,09,48,4F,52,4E,45,54,35
16:07:16.227 -> -72, 02,01,06,07,16,09,18,D3,30,00,FE,04,16,0F,18,05,08,09,48,4F,52,4E,45,54,35
16:07:16.227 -> -71, 02,01,06,07,16,09,18,D3,30,00,FE,04,16,0F,18,05,08,09,48,4F,52,4E,45,54,35
16:07:16.274 -> -71, 02,01,06,07,16,09,18,D3,30,00,FE,04,16,0F,18,05,08,09,48,4F,52,4E,45,54,35
16:07:16.274 -> -71, 02,01,06,07,16,09,18,D3,30,00,FE,04,16,0F,18,05,08,09,48,4F,52,4E,45,54,35
16:07:16.274 -> -71, 02,01,06,07,16,09,18,D3,30,00,FE,04,16,0F,18,05,08,09,48,4F,52,4E,45,54,35
16:07:16.274 -> -71, 02,01,06,07,16,09,18,D3,30,00,FE,04,16,0F,18,05,08,09,48,4F,52,4E,45,54,35
16:07:16.321 -> -72, 02,01,06,07,16,09,18,D3,30,00,FE,04,16,0F,18,05,08,09,48,4F,52,4E,45,54,35
16:07:16.321 -> -71, 02,01,06,07,16,09,18,D3,30,00,FE,04,16,0F,18,05,08,09,48,4F,52,4E,45,54,35
16:07:16.321 -> -71, 02,01,06,07,16,09,18,D3,30,00,FE,04,16,0F,18,05,08,09,48,4F,52,4E,45,54,35
16:07:16.321 -> -71, 02,01,06,07,16,09,18,D3,30,00,FE,04,16,0F,18,05,08,09,48,4F,52,4E,45,54,35
16:07:16.369 -> -71, 02,01,06,07,16,09,18,D3,30,00,FE,04,16,0F,18,05,08,09,48,4F,52,4E,45,54,35
16:07:16.369 -> -71, 02,01,06,07,16,09,18,D3,30,00,FE,04,16,0F,18,05,08,09,48,4F,52,4E,45,54,35
16:07:16.369 -> -72, 02,01,06,07,16,09,18,D3,30,00,FE,04,16,0F,18,05,08,09,48,4F,52,4E,45,54,35
16:07:16.369 -> -71, 02,01,06,07,16,09,18,D3,30,00,FE,04,16,0F,18,05,08,09,48,4F,52,4E,45,54,35
16:07:16.417 -> -71, 02,01,06,07,16,09,18,D3,30,00,FE,04,16,0F,18,05,08,09,48,4F,52,4E,45,54,35
16:07:16.417 -> -71, 02,01,06,07,16,09,18,D3,30,00,FE,04,16,0F,18,05,08,09,48,4F,52,4E,45,54,35
16:07:16.417 -> -72, 02,01,06,07,16,09,18,D3,30,00,FE,04,16,0F,18,05,08,09,48,4F,52,4E,45,54,35
16:07:16.463 -> -70, 02,01,06,07,16,09,18,D3,30,00,FE,04,16,0F,18,05,08,09,48,4F,52,4E,45,54,35
16:07:16.463 -> -70, 02,01,06,07,16,09,18,D3,30,00,FE,04,16,0F,18,05,08,09,48,4F,52,4E,45,54,35
16:07:16.463 -> -70, 02,01,06,07,16,09,18,D3,30,00,FE,04,16,0F,18,05,08,09,48,4F,52,4E,45,54,35
16:07:16.463 -> -70, 02,01,06,07,16,09,18,D3,30,00,FE,04,16,0F,18,05,08,09,48,4F,52,4E,45,54,35
16:07:16.509 -> -70, 02,01,06,07,16,09,18,D3,30,00,FE,04,16,0F,18,05,08,09,48,4F,52,4E,45,54,35
16:07:16.555 -> -70, 02,01,06,07,16,09,18,D3,30,00,FE,04,16,0F,18,05,08,09,48,4F,52,4E,45,54,35
16:07:16.555 -> -70, 02,01,06,07,16,09,18,D3,30,00,FE,04,16,0F,18,05,08,09,48,4F,52,4E,45,54,35
16:07:16.602 -> -70, 02,01,06,07,16,09,18,D3,30,00,FE,04,16,0F,18,05,08,09,48,4F,52,4E,45,54,35
16:07:16.602 -> -70, 02,01,06,07,16,09,18,D3,30,00,FE,04,16,0F,18,05,08,09,48,4F,52,4E,45,54,35
16:07:16.602 -> -70, 02,01,06,07,16,09,18,D3,30,00,FE,04,16,0F,18,05,08,09,48,4F,52,4E,45,54,35
16:07:16.648 -> -70, 02,01,06,07,16,09,18,D3,30,00,FE,04,16,0F,18,05,08,09,48,4F,52,4E,45,54,35
16:07:16.648 -> -70, 02,01,06,07,16,09,18,D3,30,00,FE,04,16,0F,18,05,08,09,48,4F,52,4E,45,54,35
16:07:16.648 -> -70, 02,01,06,07,16,09,18,D3,30,00,FE,04,16,0F,18,05,08,09,48,4F,52,4E,45,54,35
16:07:16.694 -> -70, 02,01,06,07,16,09,18,D3,30,00,FE,04,16,0F,18,05,08,09,48,4F,52,4E,45,54,35
16:07:16.694 -> -70, 02,01,06,07,16,09,18,D3,30,00,FE,04,16,0F,18,05,08,09,48,4F,52,4E,45,54,35
16:07:16.694 -> -70, 02,01,06,07,16,09,18,D3,30,00,FE,04,16,0F,18,05,08,09,48,4F,52,4E,45,54,35
16:07:16.694 -> -70, 02,01,06,07,16,09,18,D3,30,00,FE,04,16,0F,18,05,08,09,48,4F,52,4E,45,54,35
16:07:16.742 -> -70, 02,01,06,07,16,09,18,D3,30,00,FE,04,16,0F,18,05,08,09,48,4F,52,4E,45,54,35
16:07:16.788 -> -70, 02,01,06,07,16,09,18,D3,30,00,FE,04,16,0F,18,05,08,09,48,4F,52,4E,45,54,35
16:07:16.788 -> -70, 02,01,06,07,16,09,18,D3,30,00,FE,04,16,0F,18,05,08,09,48,4F,52,4E,45,54,35
16:07:16.788 -> -70, 02,01,06,07,16,09,18,D3,30,00,FE,04,16,0F,18,05,08,09,48,4F,52,4E,45,54,35
16:07:16.788 -> -70, 02,01,06,07,16,09,18,D3,30,00,FE,04,16,0F,18,05,08,09,48,4F,52,4E,45,54,35
16:07:16.835 -> -70, 02,01,06,07,16,09,18,D3,30,00,FE,04,16,0F,18,05,08,09,48,4F,52,4E,45,54,35
16:07:16.835 -> -70, 02,01,06,07,16,09,18,D3,30,00,FE,04,16,0F,18,05,08,09,48,4F,52,4E,45,54,35
16:07:16.882 -> -70, 02,01,06,07,16,09,18,D3,30,00,FE,04,16,0F,18,05,08,09,48,4F,52,4E,45,54,35
16:07:16.929 -> -70, 02,01,06,07,16,09,18,D3,30,00,FE,04,16,0F,18,05,08,09,48,4F,52,4E,45,54,35
16:07:16.976 -> -76, 02,01,06,07,16,09,18,D3,30,00,FE,04,16,0F,18,05,08,09,48,4F,52,4E,45,54,35
16:07:16.976 -> -77, 02,01,06,07,16,09,18,D3,30,00,FE,04,16,0F,18,05,08,09,48,4F,52,4E,45,54,35
16:07:16.976 -> -77, 02,01,06,07,16,09,18,D3,30,00,FE,04,16,0F,18,05,08,09,48,4F,52,4E,45,54,35
16:07:16.976 -> -77, 02,01,06,07,16,09,18,D3,30,00,FE,04,16,0F,18,05,08,09,48,4F,52,4E,45,54,35
16:07:16.976 -> -77, 02,01,06,07,16,09,18,D3,30,00,FE,04,16,0F,18,05,08,09,48,4F,52,4E,45,54,35
16:07:17.025 -> -77, 02,01,06,07,16,09,18,D3,30,00,FE,04,16,0F,18,05,08,09,48,4F,52,4E,45,54,35
16:07:17.025 -> -78, 02,01,06,07,16,09,18,D3,30,00,FE,04,16,0F,18,05,08,09,48,4F,52,4E,45,54,35
16:07:17.025 -> -77, 02,01,06,07,16,09,18,D3,30,00,FE,04,16,0F,18,05,08,09,48,4F,52,4E,45,54,35
16:07:17.071 -> -77, 02,01,06,07,16,09,18,D3,30,00,FE,04,16,0F,18,05,08,09,48,4F,52,4E,45,54,35
16:07:17.071 -> -77, 02,01,06,07,16,09,18,D3,30,00,FE,04,16,0F,18,05,08,09,48,4F,52,4E,45,54,35
16:07:17.118 -> -77, 02,01,06,07,16,09,18,D3,30,00,FE,04,16,0F,18,05,08,09,48,4F,52,4E,45,54,35
16:07:17.118 -> -77, 02,01,06,07,16,09,18,D3,30,00,FE,04,16,0F,18,05,08,09,48,4F,52,4E,45,54,35
16:07:17.118 -> -78, 02,01,06,07,16,09,18,D3,30,00,FE,04,16,0F,18,05,08,09,48,4F,52,4E,45,54,35
16:07:17.118 -> -77, 02,01,06,07,16,09,18,D3,30,00,FE,04,16,0F,18,05,08,09,48,4F,52,4E,45,54,35
16:07:17.165 -> -77, 02,01,06,07,16,09,18,D3,30,00,FE,04,16,0F,18,05,08,09,48,4F,52,4E,45,54,35
16:07:17.165 -> -76, 02,01,06,07,16,09,18,D3,30,00,FE,04,16,0F,18,05,08,09,48,4F,52,4E,45,54,35
16:07:17.165 -> -77, 02,01,06,07,16,09,18,D3,30,00,FE,04,16,0F,18,05,08,09,48,4F,52,4E,45,54,35
16:07:17.165 -> -76, 02,01,06,07,16,09,18,D3,30,00,FE,04,16,0F,18,05,08,09,48,4F,52,4E,45,54,35
16:07:17.211 -> -77, 02,01,06,07,16,09,18,D3,30,00,FE,04,16,0F,18,05,08,09,48,4F,52,4E,45,54,35
16:07:17.211 -> -76, 02,01,06,07,16,09,18,D3,30,00,FE,04,16,0F,18,05,08,09,48,4F,52,4E,45,54,35
16:07:17.211 -> -77, 02,01,06,07,16,09,18,D3,30,00,FE,04,16,0F,18,05,08,09,48,4F,52,4E,45,54,35
16:07:17.211 -> -77, 02,01,06,07,16,09,18,D3,30,00,FE,04,16,0F,18,05,08,09,48,4F,52,4E,45,54,35
16:07:17.258 -> -76, 02,01,06,07,16,09,18,D3,30,00,FE,04,16,0F,18,05,08,09,48,4F,52,4E,45,54,35
16:07:17.258 -> -76, 02,01,06,07,16,09,18,D3,30,00,FE,04,16,0F,18,05,08,09,48,4F,52,4E,45,54,35
16:07:17.258 -> -76, 02,01,06,07,16,09,18,D3,30,00,FE,04,16,0F,18,05,08,09,48,4F,52,4E,45,54,35
16:07:17.258 -> -76, 02,01,06,07,16,09,18,D3,30,00,FE,04,16,0F,18,05,08,09,48,4F,52,4E,45,54,35
16:07:17.305 -> -76, 02,01,06,07,16,09,18,D3,30,00,FE,04,16,0F,18,05,08,09,48,4F,52,4E,45,54,35
16:07:17.305 -> -76, 02,01,06,07,16,09,18,D3,30,00,FE,04,16,0F,18,05,08,09,48,4F,52,4E,45,54,35
16:07:17.305 -> -77, 02,01,06,07,16,09,18,D3,30,00,FE,04,16,0F,18,05,08,09,48,4F,52,4E,45,54,35
16:07:17.352 -> -76, 02,01,06,07,16,09,18,D3,30,00,FE,04,16,0F,18,05,08,09,48,4F,52,4E,45,54,35
16:07:17.352 -> -76, 02,01,06,07,16,09,18,D3,30,00,FE,04,16,0F,18,05,08,09,48,4F,52,4E,45,54,35
16:07:17.352 -> -76, 02,01,06,07,16,09,18,D3,30,00,FE,04,16,0F,18,05,08,09,48,4F,52,4E,45,54,35
16:07:17.352 -> -76, 02,01,06,07,16,09,18,D3,30,00,FE,04,16,0F,18,05,08,09,48,4F,52,4E,45,54,35
16:07:17.399 -> -76, 02,01,06,07,16,09,18,D3,30,00,FE,04,16,0F,18,05,08,09,48,4F,52,4E,45,54,35
16:07:17.399 -> -76, 02,01,06,07,16,09,18,D3,30,00,FE,04,16,0F,18,05,08,09,48,4F,52,4E,45,54,35
16:07:17.399 -> -76, 02,01,06,07,16,09,18,D3,30,00,FE,04,16,0F,18,05,08,09,48,4F,52,4E,45,54,35
16:07:17.446 -> -76, 02,01,06,07,16,09,18,D3,30,00,FE,04,16,0F,18,05,08,09,48,4F,52,4E,45,54,35
16:07:17.446 -> -76, 02,01,06,07,16,09,18,D3,30,00,FE,04,16,0F,18,05,08,09,48,4F,52,4E,45,54,35
16:07:17.446 -> -71, 02,01,06,07,16,09,18,D3,30,00,FE,04,16,0F,18,05,08,09,48,4F,52,4E,45,54,35
16:07:17.446 -> -72, 02,01,06,07,16,09,18,D3,30,00,FE,04,16,0F,18,05,08,09,48,4F,52,4E,45,54,35
16:07:17.446 -> -72, 02,01,06,07,16,09,18,D3,30,00,FE,04,16,0F,18,05,08,09,48,4F,52,4E,45,54,35
16:07:17.493 -> -72, 02,01,06,07,16,09,18,D3,30,00,FE,04,16,0F,18,05,08,09,48,4F,52,4E,45,54,35
16:07:17.493 -> -72, 02,01,06,07,16,09,18,D3,30,00,FE,04,16,0F,18,05,08,09,48,4F,52,4E,45,54,35
16:07:17.493 -> -72, 02,01,06,07,16,09,18,D3,30,00,FE,04,16,0F,18,05,08,09,48,4F,52,4E,45,54,35
16:07:17.493 -> -72, 02,01,06,07,16,09,18,D3,30,00,FE,04,16,0F,18,05,08,09,48,4F,52,4E,45,54,35
16:07:17.540 -> -72, 02,01,06,07,16,09,18,D3,30,00,FE,04,16,0F,18,05,08,09,48,4F,52,4E,45,54,35
16:07:17.540 -> -72, 02,01,06,07,16,09,18,D3,30,00,FE,04,16,0F,18,05,08,09,48,4F,52,4E,45,54,35
16:07:17.540 -> -71, 02,01,06,07,16,09,18,D3,30,00,FE,04,16,0F,18,05,08,09,48,4F,52,4E,45,54,35
16:07:17.587 -> -72, 02,01,06,07,16,09,18,D3,30,00,FE,04,16,0F,18,05,08,09,48,4F,52,4E,45,54,35
16:07:17.587 -> -72, 02,01,06,07,16,09,18,D3,30,00,FE,04,16,0F,18,05,08,09,48,4F,52,4E,45,54,35
16:07:17.587 -> -72, 02,01,06,07,16,09,18,D3,30,00,FE,04,16,0F,18,05,08,09,48,4F,52,4E,45,54,35
16:07:17.634 -> -72, 02,01,06,07,16,09,18,D3,30,00,FE,04,16,0F,18,05,08,09,48,4F,52,4E,45,54,35
16:07:17.634 -> -72, 02,01,06,07,16,09,18,D3,30,00,FE,04,16,0F,18,05,08,09,48,4F,52,4E,45,54,35
16:07:17.634 -> -72, 02,01,06,07,16,09,18,D3,30,00,FE,04,16,0F,18,05,08,09,48,4F,52,4E,45,54,35
16:07:17.680 -> -72, 02,01,06,07,16,09,18,D3,30,00,FE,04,16,0F,18,05,08,09,48,4F,52,4E,45,54,35
16:07:17.726 -> -71, 02,01,06,07,16,09,18,D3,30,00,FE,04,16,0F,18,05,08,09,48,4F,52,4E,45,54,35
16:07:17.726 -> -72, 02,01,06,07,16,09,18,D3,30,00,FE,04,16,0F,18,05,08,09,48,4F,52,4E,45,54,35
16:07:17.726 -> -72, 02,01,06,07,16,09,18,D3,30,00,FE,04,16,0F,18,05,08,09,48,4F,52,4E,45,54,35
16:07:17.774 -> -72, 02,01,06,07,16,09,18,D3,30,00,FE,04,16,0F,18,05,08,09,48,4F,52,4E,45,54,35
16:07:17.774 -> -72, 02,01,06,07,16,09,18,D3,30,00,FE,04,16,0F,18,05,08,09,48,4F,52,4E,45,54,35
16:07:17.774 -> -72, 02,01,06,07,16,09,18,D3,30,00,FE,04,16,0F,18,05,08,09,48,4F,52,4E,45,54,35
16:07:17.821 -> -72, 02,01,06,07,16,09,18,D3,30,00,FE,04,16,0F,18,05,08,09,48,4F,52,4E,45,54,35
16:07:17.821 -> -72, 02,01,06,07,16,09,18,D3,30,00,FE,04,16,0F,18,05,08,09,48,4F,52,4E,45,54,35
16:07:17.821 -> -71, 02,01,06,07,16,09,18,D3,30,00,FE,04,16,0F,18,05,08,09,48,4F,52,4E,45,54,35
16:07:17.821 -> -71, 02,01,06,07,16,09,18,D3,30,00,FE,04,16,0F,18,05,08,09,48,4F,52,4E,45,54,35
16:07:17.868 -> -71, 02,01,06,07,16,09,18,D3,30,00,FE,04,16,0F,18,05,08,09,48,4F,52,4E,45,54,35
16:07:17.868 -> -71, 02,01,06,07,16,09,18,D3,30,00,FE,04,16,0F,18,05,08,09,48,4F,52,4E,45,54,35
16:07:17.868 -> -71, 02,01,06,07,16,09,18,D3,30,00,FE,04,16,0F,18,05,08,09,48,4F,52,4E,45,54,35
16:07:17.914 -> -72, 02,01,06,07,16,09,18,D3,30,00,FE,04,16,0F,18,05,08,09,48,4F,52,4E,45,54,35
16:07:17.914 -> -71, 02,01,06,07,16,09,18,D3,30,00,FE,04,16,0F,18,05,08,09,48,4F,52,4E,45,54,35
16:07:17.914 -> -71, 02,01,06,07,16,09,18,D3,30,00,FE,04,16,0F,18,05,08,09,48,4F,52,4E,45,54,35
16:07:17.960 -> -70, 02,01,06,07,16,09,18,D3,30,00,FE,04,16,0F,18,05,08,09,48,4F,52,4E,45,54,35
16:07:17.960 -> -70, 02,01,06,07,16,09,18,D3,30,00,FE,04,16,0F,18,05,08,09,48,4F,52,4E,45,54,35
16:07:18.008 -> -70, 02,01,06,07,16,09,18,D3,30,00,FE,04,16,0F,18,05,08,09,48,4F,52,4E,45,54,35
16:07:18.008 -> -70, 02,01,06,07,16,09,18,D3,30,00,FE,04,16,0F,18,05,08,09,48,4F,52,4E,45,54,35
16:07:18.008 -> -70, 02,01,06,07,16,09,18,D3,30,00,FE,04,16,0F,18,05,08,09,48,4F,52,4E,45,54,35
16:07:18.055 -> -71, 02,01,06,07,16,09,18,D3,30,00,FE,04,16,0F,18,05,08,09,48,4F,52,4E,45,54,35
16:07:18.055 -> -68, 02,01,06,07,16,09,18,D3,30,00,FE,04,16,0F,18,05,08,09,48,4F,52,4E,45,54,35
16:07:18.055 -> -70, 02,01,06,07,16,09,18,D3,30,00,FE,04,16,0F,18,05,08,09,48,4F,52,4E,45,54,35
16:07:18.055 -> -71, 02,01,06,07,16,09,18,D3,30,00,FE,04,16,0F,18,05,08,09,48,4F,52,4E,45,54,35
16:07:18.102 -> -70, 02,01,06,07,16,09,18,D3,30,00,FE,04,16,0F,18,05,08,09,48,4F,52,4E,45,54,35
16:07:18.102 -> -70, 02,01,06,07,16,09,18,D3,30,00,FE,04,16,0F,18,05,08,09,48,4F,52,4E,45,54,35
16:07:18.102 -> -70, 02,01,06,07,16,09,18,D3,30,00,FE,04,16,0F,18,05,08,09,48,4F,52,4E,45,54,35
16:07:18.148 -> -71, 02,01,06,07,16,09,18,D3,30,00,FE,04,16,0F,18,05,08,09,48,4F,52,4E,45,54,35
16:07:18.148 -> -71, 02,01,06,07,16,09,18,D3,30,00,FE,04,16,0F,18,05,08,09,48,4F,52,4E,45,54,35
16:07:18.148 -> -71, 02,01,06,07,16,09,18,D3,30,00,FE,04,16,0F,18,05,08,09,48,4F,52,4E,45,54,35
16:07:18.148 -> -70, 02,01,06,07,16,09,18,D3,30,00,FE,04,16,0F,18,05,08,09,48,4F,52,4E,45,54,35
16:07:18.195 -> -70, 02,01,06,07,16,09,18,D3,30,00,FE,04,16,0F,18,05,08,09,48,4F,52,4E,45,54,35
16:07:18.195 -> -70, 02,01,06,07,16,09,18,D3,30,00,FE,04,16,0F,18,05,08,09,48,4F,52,4E,45,54,35
16:07:18.195 -> -70, 02,01,06,07,16,09,18,D3,30,00,FE,04,16,0F,18,05,08,09,48,4F,52,4E,45,54,35
16:07:18.243 -> -70, 02,01,06,07,16,09,18,D3,30,00,FE,04,16,0F,18,05,08,09,48,4F,52,4E,45,54,35
16:07:18.243 -> -70, 02,01,06,07,16,09,18,D3,30,00,FE,04,16,0F,18,05,08,09,48,4F,52,4E,45,54,35
16:07:18.243 -> -70, 02,01,06,07,16,09,18,D3,30,00,FE,04,16,0F,18,05,08,09,48,4F,52,4E,45,54,35
16:07:18.291 -> -70, 02,01,06,07,16,09,18,D3,30,00,FE,04,16,0F,18,05,08,09,48,4F,52,4E,45,54,35
16:07:18.291 -> -70, 02,01,06,07,16,09,18,D3,30,00,FE,04,16,0F,18,05,08,09,48,4F,52,4E,45,54,35
16:07:18.291 -> -70, 02,01,06,07,16,09,18,D3,30,00,FE,04,16,0F,18,05,08,09,48,4F,52,4E,45,54,35
16:07:18.338 -> -70, 02,01,06,07,16,09,18,D3,30,00,FE,04,16,0F,18,05,08,09,48,4F,52,4E,45,54,35
16:07:18.338 -> -70, 02,01,06,07,16,09,18,D3,30,00,FE,04,16,0F,18,05,08,09,48,4F,52,4E,45,54,35
16:07:18.384 -> -70, 02,01,06,07,16,09,18,D3,30,00,FE,04,16,0F,18,05,08,09,48,4F,52,4E,45,54,35
16:07:18.384 -> -70, 02,01,06,07,16,09,18,D3,30,00,FE,04,16,0F,18,05,08,09,48,4F,52,4E,45,54,35
16:07:18.429 -> -70, 02,01,06,07,16,09,18,D3,30,00,FE,04,16,0F,18,05,08,09,48,4F,52,4E,45,54,35
16:07:18.429 -> -70, 02,01,06,07,16,09,18,D3,30,00,FE,04,16,0F,18,05,08,09,48,4F,52,4E,45,54,35
16:07:18.429 -> -70, 02,01,06,07,16,09,18,D3,30,00,FE,04,16,0F,18,05,08,09,48,4F,52,4E,45,54,35
16:07:18.475 -> -76, 02,01,06,07,16,09,18,D3,30,00,FE,04,16,0F,18,05,08,09,48,4F,52,4E,45,54,35
16:07:18.475 -> -76, 02,01,06,07,16,09,18,D3,30,00,FE,04,16,0F,18,05,08,09,48,4F,52,4E,45,54,35
16:07:18.475 -> -76, 02,01,06,07,16,09,18,D3,30,00,FE,04,16,0F,18,05,08,09,48,4F,52,4E,45,54,35
16:07:18.475 -> -76, 02,01,06,07,16,09,18,D3,30,00,FE,04,16,0F,18,05,08,09,48,4F,52,4E,45,54,35
16:07:18.521 -> -76, 02,01,06,07,16,09,18,D3,30,00,FE,04,16,0F,18,05,08,09,48,4F,52,4E,45,54,35
16:07:18.521 -> -76, 02,01,06,07,16,09,18,D3,30,00,FE,04,16,0F,18,05,08,09,48,4F,52,4E,45,54,35
16:07:18.521 -> -76, 02,01,06,07,16,09,18,D3,30,00,FE,04,16,0F,18,05,08,09,48,4F,52,4E,45,54,35
16:07:18.521 -> -76, 02,01,06,07,16,09,18,D3,30,00,FE,04,16,0F,18,05,08,09,48,4F,52,4E,45,54,35
16:07:18.568 -> -76, 02,01,06,07,16,09,18,D3,30,00,FE,04,16,0F,18,05,08,09,48,4F,52,4E,45,54,35
16:07:18.568 -> -76, 02,01,06,07,16,09,18,D3,30,00,FE,04,16,0F,18,05,08,09,48,4F,52,4E,45,54,35
16:07:18.568 -> -76, 02,01,06,07,16,09,18,D3,30,00,FE,04,16,0F,18,05,08,09,48,4F,52,4E,45,54,35
16:07:18.568 -> -76, 02,01,06,07,16,09,18,D3,30,00,FE,04,16,0F,18,05,08,09,48,4F,52,4E,45,54,35
16:07:18.568 -> -76, 02,01,06,07,16,09,18,D3,30,00,FE,04,16,0F,18,05,08,09,48,4F,52,4E,45,54,35
16:07:18.615 -> -76, 02,01,06,07,16,09,18,D3,30,00,FE,04,16,0F,18,05,08,09,48,4F,52,4E,45,54,35
16:07:18.615 -> -76, 02,01,06,07,16,09,18,D3,30,00,FE,04,16,0F,18,05,08,09,48,4F,52,4E,45,54,35
16:07:18.615 -> -76, 02,01,06,07,16,09,18,D3,30,00,FE,04,16,0F,18,05,08,09,48,4F,52,4E,45,54,35
16:07:18.662 -> -77, 02,01,06,07,16,09,18,D3,30,00,FE,04,16,0F,18,05,08,09,48,4F,52,4E,45,54,35
16:07:18.662 -> -77, 02,01,06,07,16,09,18,D3,30,00,FE,04,16,0F,18,05,08,09,48,4F,52,4E,45,54,35
16:07:18.709 -> -77, 02,01,06,07,16,09,18,D3,30,00,FE,04,16,0F,18,05,08,09,48,4F,52,4E,45,54,35
16:07:18.709 -> -77, 02,01,06,07,16,09,18,D3,30,00,FE,04,16,0F,18,05,08,09,48,4F,52,4E,45,54,35
16:07:18.709 -> -77, 02,01,06,07,16,09,18,D3,30,00,FE,04,16,0F,18,05,08,09,48,4F,52,4E,45,54,35
16:07:18.757 -> -77, 02,01,06,07,16,09,18,D3,30,00,FE,04,16,0F,18,05,08,09,48,4F,52,4E,45,54,35
16:07:18.757 -> -77, 02,01,06,07,16,09,18,D3,30,00,FE,04,16,0F,18,05,08,09,48,4F,52,4E,45,54,35
16:07:18.757 -> -77, 02,01,06,07,16,09,18,D3,30,00,FE,04,16,0F,18,05,08,09,48,4F,52,4E,45,54,35
16:07:18.757 -> -77, 02,01,06,07,16,09,18,D3,30,00,FE,04,16,0F,18,05,08,09,48,4F,52,4E,45,54,35
16:07:18.757 -> -77, 02,01,06,07,16,09,18,D3,30,00,FE,04,16,0F,18,05,08,09,48,4F,52,4E,45,54,35
16:07:18.804 -> -77, 02,01,06,07,16,09,18,D3,30,00,FE,04,16,0F,18,05,08,09,48,4F,52,4E,45,54,35
16:07:18.804 -> -77, 02,01,06,07,16,09,18,D3,30,00,FE,04,16,0F,18,05,08,09,48,4F,52,4E,45,54,35
16:07:18.804 -> -77, 02,01,06,07,16,09,18,D3,30,00,FE,04,16,0F,18,05,08,09,48,4F,52,4E,45,54,35
16:07:18.850 -> -78, 02,01,06,07,16,09,18,D3,30,00,FE,04,16,0F,18,05,08,09,48,4F,52,4E,45,54,35
16:07:18.850 -> -77, 02,01,06,07,16,09,18,D3,30,00,FE,04,16,0F,18,05,08,09,48,4F,52,4E,45,54,35
16:07:18.850 -> -77, 02,01,06,07,16,09,18,D3,30,00,FE,04,16,0F,18,05,08,09,48,4F,52,4E,45,54,35
16:07:18.897 -> -77, 02,01,06,07,16,09,18,D3,30,00,FE,04,16,0F,18,05,08,09,48,4F,52,4E,45,54,35
16:07:18.897 -> -78, 02,01,06,07,16,09,18,D3,30,00,FE,04,16,0F,18,05,08,09,48,4F,52,4E,45,54,35
16:07:18.897 -> -77, 02,01,06,07,16,09,18,D3,30,00,FE,04,16,0F,18,05,08,09,48,4F,52,4E,45,54,35
16:07:18.897 -> -76, 02,01,06,07,16,09,18,D3,30,00,FE,04,16,0F,18,05,08,09,48,4F,52,4E,45,54,35
16:07:18.897 -> -77, 02,01,06,07,16,09,18,D3,30,00,FE,04,16,0F,18,05,08,09,48,4F,52,4E,45,54,35
16:07:18.945 -> -76, 02,01,06,07,16,09,18,D3,30,00,FE,04,16,0F,18,05,08,09,48,4F,52,4E,45,54,35
16:07:18.945 -> -72, 02,01,06,07,16,09,18,D3,30,00,FE,04,16,0F,18,05,08,09,48,4F,52,4E,45,54,35
16:07:18.945 -> -72, 02,01,06,07,16,09,18,D3,30,00,FE,04,16,0F,18,05,08,09,48,4F,52,4E,45,54,35
16:07:18.991 -> -72, 02,01,06,07,16,09,18,D3,30,00,FE,04,16,0F,18,05,08,09,48,4F,52,4E,45,54,35
16:07:18.991 -> -72, 02,01,06,07,16,09,18,D3,30,00,FE,04,16,0F,18,05,08,09,48,4F,52,4E,45,54,35
16:07:18.991 -> -72, 02,01,06,07,16,09,18,D3,30,00,FE,04,16,0F,18,05,08,09,48,4F,52,4E,45,54,35
16:07:18.991 -> -72, 02,01,06,07,16,09,18,D3,30,00,FE,04,16,0F,18,05,08,09,48,4F,52,4E,45,54,35
16:07:19.038 -> -72, 02,01,06,07,16,09,18,D3,30,00,FE,04,16,0F,18,05,08,09,48,4F,52,4E,45,54,35
16:07:19.038 -> -72, 02,01,06,07,16,09,18,D3,30,00,FE,04,16,0F,18,05,08,09,48,4F,52,4E,45,54,35
16:07:19.038 -> -71, 02,01,06,07,16,09,18,D3,30,00,FE,04,16,0F,18,05,08,09,48,4F,52,4E,45,54,35
16:07:19.085 -> -72, 02,01,06,07,16,09,18,D3,30,00,FE,04,16,0F,18,05,08,09,48,4F,52,4E,45,54,35
16:07:19.085 -> -72, 02,01,06,07,16,09,18,D3,30,00,FE,04,16,0F,18,05,08,09,48,4F,52,4E,45,54,35
16:07:19.085 -> -72, 02,01,06,07,16,09,18,D3,30,00,FE,04,16,0F,18,05,08,09,48,4F,52,4E,45,54,35
16:07:19.132 -> -72, 02,01,06,07,16,09,18,D3,30,00,FE,04,16,0F,18,05,08,09,48,4F,52,4E,45,54,35
16:07:19.132 -> -72, 02,01,06,07,16,09,18,D3,30,00,FE,04,16,0F,18,05,08,09,48,4F,52,4E,45,54,35
16:07:19.132 -> -72, 02,01,06,07,16,09,18,D3,30,00,FE,04,16,0F,18,05,08,09,48,4F,52,4E,45,54,35
16:07:19.132 -> -72, 02,01,06,07,16,09,18,D3,30,00,FE,04,16,0F,18,05,08,09,48,4F,52,4E,45,54,35
16:07:19.179 -> -71, 02,01,06,07,16,09,18,D3,30,00,FE,04,16,0F,18,05,08,09,48,4F,52,4E,45,54,35
16:07:19.179 -> -72, 02,01,06,07,16,09,18,D3,30,00,FE,04,16,0F,18,05,08,09,48,4F,52,4E,45,54,35
16:07:19.179 -> -72, 02,01,06,07,16,09,18,D3,30,00,FE,04,16,0F,18,05,08,09,48,4F,52,4E,45,54,35
16:07:19.179 -> -72, 02,01,06,07,16,09,18,D3,30,00,FE,04,16,0F,18,05,08,09,48,4F,52,4E,45,54,35
16:07:19.224 -> -72, 02,01,06,07,16,09,18,D3,30,00,FE,04,16,0F,18,05,08,09,48,4F,52,4E,45,54,35
16:07:19.224 -> -72, 02,01,06,07,16,09,18,D3,30,00,FE,04,16,0F,18,05,08,09,48,4F,52,4E,45,54,35
16:07:19.224 -> -72, 02,01,06,07,16,09,18,D3,30,00,FE,04,16,0F,18,05,08,09,48,4F,52,4E,45,54,35
16:07:19.271 -> -72, 02,01,06,07,16,09,18,D3,30,00,FE,04,16,0F,18,05,08,09,48,4F,52,4E,45,54,35
16:07:19.271 -> -72, 02,01,06,07,16,09,18,D3,30,00,FE,04,16,0F,18,05,08,09,48,4F,52,4E,45,54,35
16:07:19.271 -> -72, 02,01,06,07,16,09,18,D3,30,00,FE,04,16,0F,18,05,08,09,48,4F,52,4E,45,54,35
16:07:19.318 -> -72, 02,01,06,07,16,09,18,D3,30,00,FE,04,16,0F,18,05,08,09,48,4F,52,4E,45,54,35
16:07:19.318 -> -72, 02,01,06,07,16,09,18,D3,30,00,FE,04,16,0F,18,05,08,09,48,4F,52,4E,45,54,35
16:07:19.318 -> -72, 02,01,06,07,16,09,18,D3,30,00,FE,04,16,0F,18,05,08,09,48,4F,52,4E,45,54,35
16:07:19.364 -> -72, 02,01,06,07,16,09,18,D3,30,00,FE,04,16,0F,18,05,08,09,48,4F,52,4E,45,54,35
16:07:19.364 -> -72, 02,01,06,07,16,09,18,D3,30,00,FE,04,16,0F,18,05,08,09,48,4F,52,4E,45,54,35
16:07:19.411 -> -72, 02,01,06,07,16,09,18,D3,30,00,FE,04,16,0F,18,05,08,09,48,4F,52,4E,45,54,35
16:07:19.411 -> -72, 02,01,06,07,16,09,18,D3,30,00,FE,04,16,0F,18,05,08,09,48,4F,52,4E,45,54,35
16:07:19.411 -> -72, 02,01,06,07,16,09,18,D3,30,00,FE,04,16,0F,18,05,08,09,48,4F,52,4E,45,54,35
16:07:19.411 -> -72, 02,01,06,07,16,09,18,D3,30,00,FE,04,16,0F,18,05,08,09,48,4F,52,4E,45,54,35
16:07:19.487 -> -72, 02,01,06,07,16,09,18,D3,30,00,FE,04,16,0F,18,05,08,09,48,4F,52,4E,45,54,35
16:07:19.487 -> -71, 02,01,06,07,16,09,18,D3,30,00,FE,04,16,0F,18,05,08,09,48,4F,52,4E,45,54,35
16:07:19.487 -> -70, 02,01,06,07,16,09,18,D3,30,00,FE,04,16,0F,18,05,08,09,48,4F,52,4E,45,54,35
16:07:19.487 -> -71, 02,01,06,07,16,09,18,D3,30,00,FE,04,16,0F,18,05,08,09,48,4F,52,4E,45,54,35
16:07:19.511 -> -71, 02,01,06,07,16,09,18,D3,30,00,FE,04,16,0F,18,06,08,09,48,4F,52,4E,45,54,35
16:07:19.511 -> -70, 02,01,06,07,16,09,18,D3,30,00,FE,04,16,0F,18,06,08,09,48,4F,52,4E,45,54,35
16:07:19.511 -> -71, 02,01,06,07,16,09,18,D3,30,00,FE,04,16,0F,18,06,08,09,48,4F,52,4E,45,54,35
16:07:19.552 -> -70, 02,01,06,07,16,09,18,D3,30,00,FE,04,16,0F,18,06,08,09,48,4F,52,4E,45,54,35
16:07:19.552 -> -70, 02,01,06,07,16,09,18,D3,30,00,FE,04,16,0F,18,06,08,09,48,4F,52,4E,45,54,35
16:07:19.552 -> -70, 02,01,06,07,16,09,18,D3,30,00,FE,04,16,0F,18,06,08,09,48,4F,52,4E,45,54,35
16:07:19.599 -> -70, 02,01,06,07,16,09,18,D3,30,00,FE,04,16,0F,18,06,08,09,48,4F,52,4E,45,54,35
16:07:19.599 -> -70, 02,01,06,07,16,09,18,D3,30,00,FE,04,16,0F,18,06,08,09,48,4F,52,4E,45,54,35
16:07:19.599 -> -70, 02,01,06,07,16,09,18,D3,30,00,FE,04,16,0F,18,06,08,09,48,4F,52,4E,45,54,35
16:07:19.645 -> -70, 02,01,06,07,16,09,18,D3,30,00,FE,04,16,0F,18,06,08,09,48,4F,52,4E,45,54,35
16:07:19.645 -> -70, 02,01,06,07,16,09,18,D3,30,00,FE,04,16,0F,18,06,08,09,48,4F,52,4E,45,54,35
16:07:19.691 -> -70, 02,01,06,07,16,09,18,D3,30,00,FE,04,16,0F,18,06,08,09,48,4F,52,4E,45,54,35
16:07:19.691 -> -70, 02,01,06,07,16,09,18,D3,30,00,FE,04,16,0F,18,06,08,09,48,4F,52,4E,45,54,35
16:07:19.739 -> -70, 02,01,06,07,16,09,18,D3,30,00,FE,04,16,0F,18,06,08,09,48,4F,52,4E,45,54,35
16:07:19.739 -> -70, 02,01,06,07,16,09,18,D3,30,00,FE,04,16,0F,18,06,08,09,48,4F,52,4E,45,54,35
16:07:19.739 -> -70, 02,01,06,07,16,09,18,D3,30,00,FE,04,16,0F,18,06,08,09,48,4F,52,4E,45,54,35
16:07:19.739 -> -70, 02,01,06,07,16,09,18,D3,30,00,FE,04,16,0F,18,06,08,09,48,4F,52,4E,45,54,35
16:07:19.739 -> -69, 02,01,06,07,16,09,18,D3,30,00,FE,04,16,0F,18,06,08,09,48,4F,52,4E,45,54,35
16:07:19.785 -> -70, 02,01,06,07,16,09,18,D3,30,00,FE,04,16,0F,18,06,08,09,48,4F,52,4E,45,54,35
16:07:19.785 -> -70, 02,01,06,07,16,09,18,D3,30,00,FE,04,16,0F,18,06,08,09,48,4F,52,4E,45,54,35
16:07:19.832 -> -70, 02,01,06,07,16,09,18,D3,30,00,FE,04,16,0F,18,06,08,09,48,4F,52,4E,45,54,35
16:07:19.879 -> -70, 02,01,06,07,16,09,18,D3,30,00,FE,04,16,0F,18,06,08,09,48,4F,52,4E,45,54,35
16:07:19.879 -> -70, 02,01,06,07,16,09,18,D3,30,00,FE,04,16,0F,18,06,08,09,48,4F,52,4E,45,54,35
16:07:19.926 -> -70, 02,01,06,07,16,09,18,D3,30,00,FE,04,16,0F,18,06,08,09,48,4F,52,4E,45,54,35
16:07:19.926 -> -70, 02,01,06,07,16,09,18,D3,30,00,FE,04,16,0F,18,06,08,09,48,4F,52,4E,45,54,35
16:07:19.926 -> -70, 02,01,06,07,16,09,18,D3,30,00,FE,04,16,0F,18,06,08,09,48,4F,52,4E,45,54,35
16:07:19.973 -> -75, 02,01,06,07,16,09,18,D3,30,00,FE,04,16,0F,18,06,08,09,48,4F,52,4E,45,54,35
16:07:19.973 -> -75, 02,01,06,07,16,09,18,D3,30,00,FE,04,16,0F,18,06,08,09,48,4F,52,4E,45,54,35
16:07:19.973 -> -75, 02,01,06,07,16,09,18,D3,30,00,FE,04,16,0F,18,06,08,09,48,4F,52,4E,45,54,35
16:07:19.973 -> -75, 02,01,06,07,16,09,18,D3,30,00,FE,04,16,0F,18,06,08,09,48,4F,52,4E,45,54,35
16:07:20.020 -> -75, 02,01,06,07,16,09,18,D3,30,00,FE,04,16,0F,18,06,08,09,48,4F,52,4E,45,54,35
16:07:20.020 -> -75, 02,01,06,07,16,09,18,D3,30,00,FE,04,16,0F,18,06,08,09,48,4F,52,4E,45,54,35
16:07:20.020 -> -75, 02,01,06,07,16,09,18,D3,30,00,FE,04,16,0F,18,06,08,09,48,4F,52,4E,45,54,35
16:07:20.066 -> -74, 02,01,06,07,16,09,18,D3,30,00,FE,04,16,0F,18,06,08,09,48,4F,52,4E,45,54,35
16:07:20.066 -> -74, 02,01,06,07,16,09,18,D3,30,00,FE,04,16,0F,18,06,08,09,48,4F,52,4E,45,54,35
16:07:20.066 -> -75, 02,01,06,07,16,09,18,D3,30,00,FE,04,16,0F,18,06,08,09,48,4F,52,4E,45,54,35
16:07:20.066 -> -74, 02,01,06,07,16,09,18,D3,30,00,FE,04,16,0F,18,06,08,09,48,4F,52,4E,45,54,35
16:07:20.066 -> -75, 02,01,06,07,16,09,18,D3,30,00,FE,04,16,0F,18,06,08,09,48,4F,52,4E,45,54,35
16:07:20.112 -> -74, 02,01,06,07,16,09,18,D3,30,00,FE,04,16,0F,18,06,08,09,48,4F,52,4E,45,54,35
16:07:20.112 -> -74, 02,01,06,07,16,09,18,D3,30,00,FE,04,16,0F,18,06,08,09,48,4F,52,4E,45,54,35
16:07:20.112 -> -74, 02,01,06,07,16,09,18,D3,30,00,FE,04,16,0F,18,06,08,09,48,4F,52,4E,45,54,35
16:07:20.112 -> -75, 02,01,06,07,16,09,18,D3,30,00,FE,04,16,0F,18,06,08,09,48,4F,52,4E,45,54,35
16:07:20.159 -> -75, 02,01,06,07,16,09,18,D3,30,00,FE,04,16,0F,18,06,08,09,48,4F,52,4E,45,54,35
16:07:20.159 -> -75, 02,01,06,07,16,09,18,D3,30,00,FE,04,16,0F,18,06,08,09,48,4F,52,4E,45,54,35
16:07:20.159 -> -75, 02,01,06,07,16,09,18,D3,30,00,FE,04,16,0F,18,06,08,09,48,4F,52,4E,45,54,35
16:07:20.159 -> -75, 02,01,06,07,16,09,18,D3,30,00,FE,04,16,0F,18,06,08,09,48,4F,52,4E,45,54,35
16:07:20.206 -> -75, 02,01,06,07,16,09,18,D3,30,00,FE,04,16,0F,18,06,08,09,48,4F,52,4E,45,54,35
16:07:20.206 -> -74, 02,01,06,07,16,09,18,D3,30,00,FE,04,16,0F,18,06,08,09,48,4F,52,4E,45,54,35
16:07:20.206 -> -75, 02,01,06,07,16,09,18,D3,30,00,FE,04,16,0F,18,06,08,09,48,4F,52,4E,45,54,35
