15:47:29.086 -> -86, 02,01,06,07,16,09,18,D3,30,00,FE,04,16,0F,18,05,08,09,48,4F,52,4E,45,54,35
15:47:29.268 -> -85, 02,01,06,07,16,09,18,D3,30,00,FE,04,16,0F,18,05,08,09,48,4F,52,4E,45,54,35
15:47:29.268 -> -84, 02,01,06,07,16,09,18,D3,30,00,FE,04,16,0F,18,05,08,09,48,4F,52,4E,45,54,35
15:47:29.268 -> -85, 02,01,06,07,16,09,18,D3,30,00,FE,04,16,0F,18,04,08,09,48,4F,52,4E,45,54,35
15:47:29.363 -> -84, 02,01,06,07,16,09,18,D3,30,00,FE,04,16,0F,18,04,08,09,48,4F,52,4E,45,54,35
15:47:30.680 -> -85, 02,01,06,07,16,09,18,D3,30,00,FE,04,16,0F,18,04,08,09,48,4F,52,4E,45,54,35
15:47:31.951 -> -82, 02,01,06,07,16,09,18,D3,30,00,FE,04,16,0F,18,04,08,09,48,4F,52,4E,45,54,35
15:47:34.540 -> -81, 02,01,06,07,16,09,18,D3,30,00,FE,04,16,0F,18,04,08,09,48,4F,52,4E,45,54,35
15:47:39.127 -> -83, 02,01,06,07,16,09,18,D3,30,00,FE,04,16,0F,18,05,08,09,48,4F,52,4E,45,54,35
15:47:40.680 -> -81, 02,01,06,07,16,09,18,D3,30,00,FE,04,16,0F,18,05,08,09,48,4F,52,4E,45,54,35
15:47:40.868 -> -81, 02,01,06,07,16,09,18,D3,30,00,FE,04,16,0F,18,05,08,09,48,4F,52,4E,45,54,35
15:47:42.035 -> -81, 02,01,06,07,16,09,18,D3,30,00,FE,04,16,0F,18,05,08,09,48,4F,52,4E,45,54,35
15:47:42.272 -> -81, 02,01,06,07,16,09,18,D3,30,00,FE,04,16,0F,18,05,08,09,48,4F,52,4E,45,54,35
15:47:45.355 -> -80, 02,01,06,07,16,09,18,D3,30,00,FE,04,16,0F,18,05,08,09,48,4F,52,4E,45,54,35
15:47:49.817 -> -81, 02,01,06,07,16,09,18,D3,30,00,FE,04,16,0F,18,05,08,09,48,4F,52,4E,45,54,35
15:47:49.909 -> -82, 02,01,06,07,16,09,18,D3,30,00,FE,04,16,0F,18,05,08,09,48,4F,52,4E,45,54,35
15:47:50.190 -> -86, 02,01,06,07,16,09,18,D3,30,00,FE,04,16,0F,18,05,08,09,48,4F,52,4E,45,54,35
15:47:54.503 -> -83, 02,01,06,07,16,09,18,D3,30,00,FE,04,16,0F,18,05,08,09,48,4F,52,4E,45,54,35
15:47:54.503 -> -81, 02,01,06,07,16,09,18,D3,30,00,FE,04,16,0F,18,05,08,09,48,4F,52,4E,45,54,35
15:47:54.596 -> -83, 02,01,06,07,16,09,18,D3,30,00,FE,04,16,0F,18,05,08,09,48,4F,52,4E,45,54,35
15:47:54.596 -> -82, 02,01,06,07,16,09,18,D3,30,00,FE,04,16,0F,18,05,08,09,48,4F,52,4E,45,54,35
15:47:54.690 -> -82, 02,01,06,07,16,09,18,D3,30,00,FE,04,16,0F,18,05,08,09,48,4F,52,4E,45,54,35
15:47:54.737 -> -83, 02,01,06,07,16,09,18,D3,30,00,FE,04,16,0F,18,05,08,09,48,4F,52,4E,45,54,35
15:47:54.784 -> -82, 02,01,06,07,16,09,18,D3,30,00,FE,04,16,0F,18,05,08,09,48,4F,52,4E,45,54,35
15:47:54.784 -> -82, 02,01,06,07,16,09,18,D3,30,00,FE,04,16,0F,18,05,08,09,48,4F,52,4E,45,54,35
15:47:54.831 -> -81, 02,01,06,07,16,09,18,D3,30,00,FE,04,16,0F,18,05,08,09,48,4F,52,4E,45,54,35
15:47:54.831 -> -82, 02,01,06,07,16,09,18,D3,30,00,FE,04,16,0F,18,05,08,09,48,4F,52,4E,45,54,35
15:47:54.925 -> -81, 02,01,06,07,16,09,18,D3,30,00,FE,04,16,0F,18,05,08,09,48,4F,52,4E,45,54,35
15:47:54.971 -> -82, 02,01,06,07,16,09,18,D3,30,00,FE,04,16,0F,18,05,08,09,48,4F,52,4E,45,54,35
15:47:54.971 -> -81, 02,01,06,07,16,09,18,D3,30,00,FE,04,16,0F,18,05,08,09,48,4F,52,4E,45,54,35
15:47:54.971 -> -82, 02,01,06,07,16,09,18,D3,30,00,FE,04,16,0F,18,05,08,09,48,4F,52,4E,45,54,35
15:47:55.204 -> -82, 02,01,06,07,16,09,18,D3,30,00,FE,04,16,0F,18,05,08,09,48,4F,52,4E,45,54,35
15:47:58.195 -> -84, 02,01,06,07,16,09,18,D3,30,00,FE,04,16,0F,18,05,08,09,48,4F,52,4E,45,54,35
15:48:01.056 -> -82, 02,01,06,07,16,09,18,D3,30,00,FE,04,16,0F,18,05,08,09,48,4F,52,4E,45,54,35
15:48:01.197 -> -83, 02,01,06,07,16,09,18,D3,30,00,FE,04,16,0F,18,05,08,09,48,4F,52,4E,45,54,35
15:48:02.328 -> -86, 02,01,06,07,16,09,18,D3,30,00,FE,04,16,0F,18,05,08,09,48,4F,52,4E,45,54,35
15:48:02.797 -> -83, 02,01,06,07,16,09,18,D3,30,00,FE,04,16,0F,18,05,08,09,48,4F,52,4E,45,54,35
15:48:03.500 -> -86, 02,01,06,07,16,09,18,D3,30,00,FE,04,16,0F,18,05,08,09,48,4F,52,4E,45,54,35
15:48:05.422 -> -86, 02,01,06,07,16,09,18,D3,30,00,FE,04,16,0F,18,05,08,09,48,4F,52,4E,45,54,35
15:48:06.587 -> -86, 02,01,06,07,16,09,18,D3,30,00,FE,04,16,0F,18,05,08,09,48,4F,52,4E,45,54,35
15:48:08.323 -> -85, 02,01,06,07,16,09,18,D3,30,00,FE,04,16,0F,18,05,08,09,48,4F,52,4E,45,54,35
15:48:11.476 -> -86, 02,01,06,07,16,09,18,D3,30,00,FE,04,16,0F,18,05,08,09,48,4F,52,4E,45,54,35
15:48:11.616 -> -84, 02,01,06,07,16,09,18,D3,30,00,FE,04,16,0F,18,05,08,09,48,4F,52,4E,45,54,35
15:48:11.898 -> -82, 02,01,06,07,16,09,18,D3,30,00,FE,04,16,0F,18,05,08,09,48,4F,52,4E,45,54,35
15:48:12.882 -> -86, 02,01,06,07,16,09,18,D3,30,00,FE,04,16,0F,18,05,08,09,48,4F,52,4E,45,54,35
15:48:13.445 -> -84, 02,01,06,07,16,09,18,D3,30,00,FE,04,16,0F,18,04,08,09,48,4F,52,4E,45,54,35
15:48:17.195 -> -84, 02,01,06,07,16,09,18,D3,30,00,FE,04,16,0F,18,04,08,09,48,4F,52,4E,45,54,35
15:48:17.947 -> -82, 02,01,06,07,16,09,18,D3,30,00,FE,04,16,0F,18,04,08,09,48,4F,52,4E,45,54,35
15:48:18.417 -> -83, 02,01,06,07,16,09,18,D3,30,00,FE,04,16,0F,18,04,08,09,48,4F,52,4E,45,54,35
15:48:18.607 -> -86, 02,01,06,07,16,09,18,D3,30,00,FE,04,16,0F,18,04,08,09,48,4F,52,4E,45,54,35
15:48:18.750 -> -87, 02,01,06,07,16,09,18,D3,30,00,FE,04,16,0F,18,04,08,09,48,4F,52,4E,45,54,35
15:48:19.264 -> -82, 02,01,06,07,16,09,18,D3,30,00,FE,04,16,0F,18,04,08,09,48,4F,52,4E,45,54,35
15:48:19.734 -> -82, 02,01,06,07,16,09,18,D3,30,00,FE,04,16,0F,18,04,08,09,48,4F,52,4E,45,54,35
15:48:20.158 -> -87, 02,01,06,07,16,09,18,D3,30,00,FE,04,16,0F,18,04,08,09,48,4F,52,4E,45,54,35
15:48:20.629 -> -82, 02,01,06,07,16,09,18,D3,30,00,FE,04,16,0F,18,04,08,09,48,4F,52,4E,45,54,35
15:48:20.767 -> -82, 02,01,06,07,16,09,18,D3,30,00,FE,04,16,0F,18,04,08,09,48,4F,52,4E,45,54,35
15:48:20.861 -> -82, 02,01,06,07,16,09,18,D3,30,00,FE,04,16,0F,18,04,08,09,48,4F,52,4E,45,54,35
15:48:21.001 -> -82, 02,01,06,07,16,09,18,D3,30,00,FE,04,16,0F,18,04,08,09,48,4F,52,4E,45,54,35
15:48:21.610 -> -84, 02,01,06,07,16,09,18,D3,30,00,FE,04,16,0F,18,04,08,09,48,4F,52,4E,45,54,35
15:48:21.752 -> -85, 02,01,06,07,16,09,18,D3,30,00,FE,04,16,0F,18,04,08,09,48,4F,52,4E,45,54,35
15:48:22.128 -> -82, 02,01,06,07,16,09,18,D3,30,00,FE,04,16,0F,18,04,08,09,48,4F,52,4E,45,54,35
15:48:22.971 -> -82, 02,01,06,07,16,09,18,D3,30,00,FE,04,16,0F,18,04,08,09,48,4F,52,4E,45,54,35
15:48:23.301 -> -85, 02,01,06,07,16,09,18,D3,30,00,FE,04,16,0F,18,04,08,09,48,4F,52,4E,45,54,35
15:48:23.393 -> -84, 02,01,06,07,16,09,18,D3,30,00,FE,04,16,0F,18,04,08,09,48,4F,52,4E,45,54,35
15:48:23.676 -> -82, 02,01,06,07,16,09,18,D3,30,00,FE,04,16,0F,18,04,08,09,48,4F,52,4E,45,54,35
15:48:24.756 -> -86, 02,01,06,07,16,09,18,D3,30,00,FE,04,16,0F,18,04,08,09,48,4F,52,4E,45,54,35
15:48:24.756 -> -86, 02,01,06,07,16,09,18,D3,30,00,FE,04,16,0F,18,04,08,09,48,4F,52,4E,45,54,35
15:48:24.899 -> -85, 02,01,06,07,16,09,18,D3,30,00,FE,04,16,0F,18,04,08,09,48,4F,52,4E,45,54,35
15:48:25.037 -> -82, 02,01,06,07,16,09,18,D3,30,00,FE,04,16,0F,18,04,08,09,48,4F,52,4E,45,54,35
15:48:26.817 -> -82, 02,01,06,07,16,09,18,D3,30,00,FE,04,16,0F,18,04,08,09,48,4F,52,4E,45,54,35
15:48:26.911 -> -82, 02,01,06,07,16,09,18,D3,30,00,FE,04,16,0F,18,04,08,09,48,4F,52,4E,45,54,35
15:48:27.522 -> -84, 02,01,06,07,16,09,18,D3,30,00,FE,04,16,0F,18,04,08,09,48,4F,52,4E,45,54,35
15:48:27.617 -> -85, 02,01,06,07,16,09,18,D3,30,00,FE,04,16,0F,18,04,08,09,48,4F,52,4E,45,54,35
15:48:27.665 -> -85, 02,01,06,07,16,09,18,D3,30,00,FE,04,16,0F,18,04,08,09,48,4F,52,4E,45,54,35
15:48:28.044 -> -82, 02,01,06,07,16,09,18,D3,30,00,FE,04,16,0F,18,04,08,09,48,4F,52,4E,45,54,35
15:48:28.278 -> -82, 02,01,06,07,16,09,18,D3,30,00,FE,04,16,0F,18,04,08,09,48,4F,52,4E,45,54,35
15:48:28.986 -> -84, 02,01,06,07,16,09,18,D3,30,00,FE,04,16,0F,18,04,08,09,48,4F,52,4E,45,54,35
15:48:29.313 -> -84, 02,01,06,07,16,09,18,D3,30,00,FE,04,16,0F,18,04,08,09,48,4F,52,4E,45,54,35
15:48:29.361 -> -85, 02,01,06,07,16,09,18,D3,30,00,FE,04,16,0F,18,04,08,09,48,4F,52,4E,45,54,35
15:48:29.454 -> -84, 02,01,06,07,16,09,18,D3,30,00,FE,04,16,0F,18,04,08,09,48,4F,52,4E,45,54,35
15:48:29.784 -> -83, 02,01,06,07,16,09,18,D3,30,00,FE,04,16,0F,18,04,08,09,48,4F,52,4E,45,54,35
15:48:29.831 -> -82, 02,01,06,07,16,09,18,D3,30,00,FE,04,16,0F,18,04,08,09,48,4F,52,4E,45,54,35
15:48:29.831 -> -82, 02,01,06,07,16,09,18,D3,30,00,FE,04,16,0F,18,04,08,09,48,4F,52,4E,45,54,35
15:48:29.878 -> -82, 02,01,06,07,16,09,18,D3,30,00,FE,04,16,0F,18,04,08,09,48,4F,52,4E,45,54,35
15:48:30.536 -> -85, 02,01,06,07,16,09,18,D3,30,00,FE,04,16,0F,18,04,08,09,48,4F,52,4E,45,54,35
15:48:30.583 -> -84, 02,01,06,07,16,09,18,D3,30,00,FE,04,16,0F,18,04,08,09,48,4F,52,4E,45,54,35
15:48:30.677 -> -84, 02,01,06,07,16,09,18,D3,30,00,FE,04,16,0F,18,04,08,09,48,4F,52,4E,45,54,35
15:48:30.725 -> -84, 02,01,06,07,16,09,18,D3,30,00,FE,04,16,0F,18,04,08,09,48,4F,52,4E,45,54,35
15:48:30.865 -> -84, 02,01,06,07,16,09,18,D3,30,00,FE,04,16,0F,18,04,08,09,48,4F,52,4E,45,54,35
15:48:30.962 -> -84, 02,01,06,07,16,09,18,D3,30,00,FE,04,16,0F,18,04,08,09,48,4F,52,4E,45,54,35
15:48:31.150 -> -82, 02,01,06,07,16,09,18,D3,30,00,FE,04,16,0F,18,04,08,09,48,4F,52,4E,45,54,35
15:48:31.431 -> -82, 02,01,06,07,16,09,18,D3,30,00,FE,04,16,0F,18,04,08,09,48,4F,52,4E,45,54,35
15:48:32.038 -> -84, 02,01,06,07,16,09,18,D3,30,00,FE,04,16,0F,18,04,08,09,48,4F,52,4E,45,54,35
15:48:32.131 -> -83, 02,01,06,07,16,09,18,D3,30,00,FE,04,16,0F,18,04,08,09,48,4F,52,4E,45,54,35
15:48:32.178 -> -84, 02,01,06,07,16,09,18,D3,30,00,FE,04,16,0F,18,04,08,09,48,4F,52,4E,45,54,35
15:48:32.225 -> -84, 02,01,06,07,16,09,18,D3,30,00,FE,04,16,0F,18,04,08,09,48,4F,52,4E,45,54,35
15:48:32.272 -> -84, 02,01,06,07,16,09,18,D3,30,00,FE,04,16,0F,18,04,08,09,48,4F,52,4E,45,54,35
15:48:32.272 -> -84, 02,01,06,07,16,09,18,D3,30,00,FE,04,16,0F,18,04,08,09,48,4F,52,4E,45,54,35
15:48:32.272 -> -84, 02,01,06,07,16,09,18,D3,30,00,FE,04,16,0F,18,04,08,09,48,4F,52,4E,45,54,35
15:48:32.365 -> -83, 02,01,06,07,16,09,18,D3,30,00,FE,04,16,0F,18,04,08,09,48,4F,52,4E,45,54,35
15:48:32.365 -> -84, 02,01,06,07,16,09,18,D3,30,00,FE,04,16,0F,18,04,08,09,48,4F,52,4E,45,54,35
15:48:32.551 -> -82, 02,01,06,07,16,09,18,D3,30,00,FE,04,16,0F,18,04,08,09,48,4F,52,4E,45,54,35
15:48:32.551 -> -82, 02,01,06,07,16,09,18,D3,30,00,FE,04,16,0F,18,04,08,09,48,4F,52,4E,45,54,35
15:48:33.537 -> -83, 02,01,06,07,16,09,18,D3,30,00,FE,04,16,0F,18,04,08,09,48,4F,52,4E,45,54,35
15:48:33.537 -> -82, 02,01,06,07,16,09,18,D3,30,00,FE,04,16,0F,18,04,08,09,48,4F,52,4E,45,54,35
15:48:33.537 -> -83, 02,01,06,07,16,09,18,D3,30,00,FE,04,16,0F,18,04,08,09,48,4F,52,4E,45,54,35
15:48:33.584 -> -83, 02,01,06,07,16,09,18,D3,30,00,FE,04,16,0F,18,04,08,09,48,4F,52,4E,45,54,35
15:48:33.584 -> -83, 02,01,06,07,16,09,18,D3,30,00,FE,04,16,0F,18,04,08,09,48,4F,52,4E,45,54,35
15:48:33.632 -> -83, 02,01,06,07,16,09,18,D3,30,00,FE,04,16,0F,18,04,08,09,48,4F,52,4E,45,54,35
15:48:33.632 -> -83, 02,01,06,07,16,09,18,D3,30,00,FE,04,16,0F,18,04,08,09,48,4F,52,4E,45,54,35
15:48:33.725 -> -83, 02,01,06,07,16,09,18,D3,30,00,FE,04,16,0F,18,04,08,09,48,4F,52,4E,45,54,35
15:48:33.772 -> -83, 02,01,06,07,16,09,18,D3,30,00,FE,04,16,0F,18,04,08,09,48,4F,52,4E,45,54,35
15:48:33.772 -> -82, 02,01,06,07,16,09,18,D3,30,00,FE,04,16,0F,18,04,08,09,48,4F,52,4E,45,54,35
15:48:33.819 -> -83, 02,01,06,07,16,09,18,D3,30,00,FE,04,16,0F,18,04,08,09,48,4F,52,4E,45,54,35
15:48:33.867 -> -84, 02,01,06,07,16,09,18,D3,30,00,FE,04,16,0F,18,04,08,09,48,4F,52,4E,45,54,35
15:48:33.915 -> -82, 02,01,06,07,16,09,18,D3,30,00,FE,04,16,0F,18,04,08,09,48,4F,52,4E,45,54,35
15:48:34.101 -> -82, 02,01,06,07,16,09,18,D3,30,00,FE,04,16,0F,18,04,08,09,48,4F,52,4E,45,54,35
15:48:34.242 -> -83, 02,01,06,07,16,09,18,D3,30,00,FE,04,16,0F,18,04,08,09,48,4F,52,4E,45,54,35
15:48:34.382 -> -82, 02,01,06,07,16,09,18,D3,30,00,FE,04,16,0F,18,04,08,09,48,4F,52,4E,45,54,35
15:48:36.486 -> -83, 02,01,06,07,16,09,18,D3,30,00,FE,04,16,0F,18,04,08,09,48,4F,52,4E,45,54,35
15:48:36.531 -> -83, 02,01,06,07,16,09,18,D3,30,00,FE,04,16,0F,18,04,08,09,48,4F,52,4E,45,54,35
15:48:36.578 -> -83, 02,01,06,07,16,09,18,D3,30,00,FE,04,16,0F,18,04,08,09,48,4F,52,4E,45,54,35
15:48:36.578 -> -83, 02,01,06,07,16,09,18,D3,30,00,FE,04,16,0F,18,04,08,09,48,4F,52,4E,45,54,35
15:48:36.626 -> -82, 02,01,06,07,16,09,18,D3,30,00,FE,04,16,0F,18,04,08,09,48,4F,52,4E,45,54,35
15:48:36.626 -> -82, 02,01,06,07,16,09,18,D3,30,00,FE,04,16,0F,18,04,08,09,48,4F,52,4E,45,54,35
15:48:36.906 -> -86, 02,01,06,07,16,09,18,D3,30,00,FE,04,16,0F,18,04,08,09,48,4F,52,4E,45,54,35
15:48:37.982 -> -86, 02,01,06,07,16,09,18,D3,30,00,FE,04,16,0F,18,04,08,09,48,4F,52,4E,45,54,35
15:48:38.075 -> -86, 02,01,06,07,16,09,18,D3,30,00,FE,04,16,0F,18,04,08,09,48,4F,52,4E,45,54,35
15:48:38.449 -> -85, 02,01,06,07,16,09,18,D3,30,00,FE,04,16,0F,18,04,08,09,48,4F,52,4E,45,54,35
15:48:39.103 -> -82, 02,01,06,07,16,09,18,D3,30,00,FE,04,16,0F,18,04,08,09,48,4F,52,4E,45,54,35
15:48:42.481 -> -86, 02,01,06,07,16,09,18,D3,30,00,FE,04,16,0F,18,04,08,09,48,4F,52,4E,45,54,35
15:48:42.716 -> -85, 02,01,06,07,16,09,18,D3,30,00,FE,04,16,0F,18,04,08,09,48,4F,52,4E,45,54,35
15:48:42.762 -> -84, 02,01,06,07,16,09,18,D3,30,00,FE,04,16,0F,18,04,08,09,48,4F,52,4E,45,54,35
15:48:44.264 -> -87, 02,01,06,07,16,09,18,D3,30,00,FE,04,16,0F,18,04,08,09,48,4F,52,4E,45,54,35
15:48:45.531 -> -86, 02,01,06,07,16,09,18,D3,30,00,FE,04,16,0F,18,04,08,09,48,4F,52,4E,45,54,35
15:48:45.579 -> -85, 02,01,06,07,16,09,18,D3,30,00,FE,04,16,0F,18,04,08,09,48,4F,52,4E,45,54,35
15:48:46.281 -> -82, 02,01,06,07,16,09,18,D3,30,00,FE,04,16,0F,18,04,08,09,48,4F,52,4E,45,54,35
15:48:47.733 -> -82, 02,01,06,07,16,09,18,D3,30,00,FE,04,16,0F,18,04,08,09,48,4F,52,4E,45,54,35
15:48:48.626 -> -86, 02,01,06,07,16,09,18,D3,30,00,FE,04,16,0F,18,04,08,09,48,4F,52,4E,45,54,35
15:48:48.884 -> -85, 02,01,06,07,16,09,18,D3,30,00,FE,04,16,0F,18,04,08,09,48,4F,52,4E,45,54,35
15:48:48.956 -> -85, 02,01,06,07,16,09,18,D3,30,00,FE,04,16,0F,18,04,08,09,48,4F,52,4E,45,54,35
15:48:53.256 -> -84, 02,01,06,07,16,09,18,D3,30,00,FE,04,16,0F,18,04,08,09,48,4F,52,4E,45,54,35
15:48:58.970 -> -81, 02,01,06,07,16,09,18,D3,30,00,FE,04,16,0F,18,05,08,09,48,4F,52,4E,45,54,35
15:49:00.051 -> -81, 02,01,06,07,16,09,18,D3,30,00,FE,04,16,0F,18,04,08,09,48,4F,52,4E,45,54,35
15:49:00.331 -> -81, 02,01,06,07,16,09,18,D3,30,00,FE,04,16,0F,18,05,08,09,48,4F,52,4E,45,54,35
15:49:00.472 -> -81, 02,01,06,07,16,09,18,D3,30,00,FE,04,16,0F,18,05,08,09,48,4F,52,4E,45,54,35
15:49:00.802 -> -86, 02,01,06,07,16,09,18,D3,30,00,FE,04,16,0F,18,05,08,09,48,4F,52,4E,45,54,35
15:49:01.082 -> -83, 02,01,06,07,16,09,18,D3,30,00,FE,04,16,0F,18,05,08,09,48,4F,52,4E,45,54,35
15:49:01.130 -> -84, 02,01,06,07,16,09,18,D3,30,00,FE,04,16,0F,18,05,08,09,48,4F,52,4E,45,54,35
15:49:02.440 -> -85, 02,01,06,07,16,09,18,D3,30,00,FE,04,16,0F,18,05,08,09,48,4F,52,4E,45,54,35
15:49:02.440 -> -85, 02,01,06,07,16,09,18,D3,30,00,FE,04,16,0F,18,05,08,09,48,4F,52,4E,45,54,35
15:49:03.528 -> -84, 02,01,06,07,16,09,18,D3,30,00,FE,04,16,0F,18,05,08,09,48,4F,52,4E,45,54,35
15:49:03.951 -> -84, 02,01,06,07,16,09,18,D3,30,00,FE,04,16,0F,18,05,08,09,48,4F,52,4E,45,54,35
15:49:04.605 -> -79, 02,01,06,07,16,09,18,D3,30,00,FE,04,16,0F,18,04,08,09,48,4F,52,4E,45,54,35
15:49:05.167 -> -85, 02,01,06,07,16,09,18,D3,30,00,FE,04,16,0F,18,05,08,09,48,4F,52,4E,45,54,35
15:49:05.261 -> -86, 02,01,06,07,16,09,18,D3,30,00,FE,04,16,0F,18,05,08,09,48,4F,52,4E,45,54,35
