15:44:01.123 -> -80, 02,01,06,07,16,09,18,D3,30,00,FE,04,16,0F,18,04,08,09,48,4F,52,4E,45,54,35
15:44:01.123 -> -80, 02,01,06,07,16,09,18,D3,30,00,FE,04,16,0F,18,04,08,09,48,4F,52,4E,45,54,35
15:44:01.170 -> -80, 02,01,06,07,16,09,18,D3,30,00,FE,04,16,0F,18,04,08,09,48,4F,52,4E,45,54,35
15:44:01.218 -> -81, 02,01,06,07,16,09,18,D3,30,00,FE,04,16,0F,18,04,08,09,48,4F,52,4E,45,54,35
15:44:01.264 -> -80, 02,01,06,07,16,09,18,D3,30,00,FE,04,16,0F,18,04,08,09,48,4F,52,4E,45,54,35
15:44:01.497 -> -81, 02,01,06,07,16,09,18,D3,30,00,FE,04,16,0F,18,04,08,09,48,4F,52,4E,45,54,35
15:44:01.542 -> -75, 02,01,06,07,16,09,18,D3,30,00,FE,04,16,0F,18,04,08,09,48,4F,52,4E,45,54,35
15:44:01.542 -> -75, 02,01,06,07,16,09,18,D3,30,00,FE,04,16,0F,18,04,08,09,48,4F,52,4E,45,54,35
15:44:01.542 -> -75, 02,01,06,07,16,09,18,D3,30,00,FE,04,16,0F,18,04,08,09,48,4F,52,4E,45,54,35
15:44:01.589 -> -75, 02,01,06,07,16,09,18,D3,30,00,FE,04,16,0F,18,04,08,09,48,4F,52,4E,45,54,35
15:44:01.589 -> -75, 02,01,06,07,16,09,18,D3,30,00,FE,04,16,0F,18,04,08,09,48,4F,52,4E,45,54,35
15:44:01.634 -> -75, 02,01,06,07,16,09,18,D3,30,00,FE,04,16,0F,18,04,08,09,48,4F,52,4E,45,54,35
15:44:01.634 -> -75, 02,01,06,07,16,09,18,D3,30,00,FE,04,16,0F,18,04,08,09,48,4F,52,4E,45,54,35
15:44:01.634 -> -75, 02,01,06,07,16,09,18,D3,30,00,FE,04,16,0F,18,04,08,09,48,4F,52,4E,45,54,35
15:44:01.680 -> -75, 02,01,06,07,16,09,18,D3,30,00,FE,04,16,0F,18,04,08,09,48,4F,52,4E,45,54,35
15:44:01.680 -> -75, 02,01,06,07,16,09,18,D3,30,00,FE,04,16,0F,18,04,08,09,48,4F,52,4E,45,54,35
15:44:01.728 -> -75, 02,01,06,07,16,09,18,D3,30,00,FE,04,16,0F,18,04,08,09,48,4F,52,4E,45,54,35
15:44:01.728 -> -76, 02,01,06,07,16,09,18,D3,30,00,FE,04,16,0F,18,04,08,09,48,4F,52,4E,45,54,35
15:44:01.728 -> -75, 02,01,06,07,16,09,18,D3,30,00,FE,04,16,0F,18,04,08,09,48,4F,52,4E,45,54,35
15:44:01.728 -> -76, 02,01,06,07,16,09,18,D3,30,00,FE,04,16,0F,18,04,08,09,48,4F,52,4E,45,54,35
15:44:01.775 -> -75, 02,01,06,07,16,09,18,D3,30,00,FE,04,16,0F,18,04,08,09,48,4F,52,4E,45,54,35
15:44:01.775 -> -75, 02,01,06,07,16,09,18,D3,30,00,FE,04,16,0F,18,04,08,09,48,4F,52,4E,45,54,35
15:44:01.775 -> -75, 02,01,06,07,16,09,18,D3,30,00,FE,04,16,0F,18,04,08,09,48,4F,52,4E,45,54,35
15:44:01.823 -> -75, 02,01,06,07,16,09,18,D3,30,00,FE,04,16,0F,18,04,08,09,48,4F,52,4E,45,54,35
15:44:01.823 -> -75, 02,01,06,07,16,09,18,D3,30,00,FE,04,16,0F,18,04,08,09,48,4F,52,4E,45,54,35
15:44:01.823 -> -75, 02,01,06,07,16,09,18,D3,30,00,FE,04,16,0F,18,04,08,09,48,4F,52,4E,45,54,35
15:44:01.823 -> -75, 02,01,06,07,16,09,18,D3,30,00,FE,04,16,0F,18,04,08,09,48,4F,52,4E,45,54,35
15:44:01.917 -> -75, 02,01,06,07,16,09,18,D3,30,00,FE,04,16,0F,18,04,08,09,48,4F,52,4E,45,54,35
15:44:01.917 -> -75, 02,01,06,07,16,09,18,D3,30,00,FE,04,16,0F,18,04,08,09,48,4F,52,4E,45,54,35
15:44:01.917 -> -75, 02,01,06,07,16,09,18,D3,30,00,FE,04,16,0F,18,04,08,09,48,4F,52,4E,45,54,35
15:44:01.963 -> -75, 02,01,06,07,16,09,18,D3,30,00,FE,04,16,0F,18,04,08,09,48,4F,52,4E,45,54,35
15:44:02.011 -> -75, 02,01,06,07,16,09,18,D3,30,00,FE,04,16,0F,18,04,08,09,48,4F,52,4E,45,54,35
15:44:02.011 -> -75, 02,01,06,07,16,09,18,D3,30,00,FE,04,16,0F,18,04,08,09,48,4F,52,4E,45,54,35
15:44:02.151 -> -85, 02,01,06,07,16,09,18,D3,30,00,FE,04,16,0F,18,04,08,09,48,4F,52,4E,45,54,35
15:44:02.245 -> -85, 02,01,06,07,16,09,18,D3,30,00,FE,04,16,0F,18,04,08,09,48,4F,52,4E,45,54,35
15:44:02.291 -> -84, 02,01,06,07,16,09,18,D3,30,00,FE,04,16,0F,18,04,08,09,48,4F,52,4E,45,54,35
15:44:02.339 -> -84, 02,01,06,07,16,09,18,D3,30,00,FE,04,16,0F,18,04,08,09,48,4F,52,4E,45,54,35
15:44:02.386 -> -84, 02,01,06,07,16,09,18,D3,30,00,FE,04,16,0F,18,04,08,09,48,4F,52,4E,45,54,35
15:44:02.478 -> -84, 02,01,06,07,16,09,18,D3,30,00,FE,04,16,0F,18,04,08,09,48,4F,52,4E,45,54,35
15:44:02.524 -> -80, 02,01,06,07,16,09,18,D3,30,00,FE,04,16,0F,18,04,08,09,48,4F,52,4E,45,54,35
15:44:02.524 -> -80, 02,01,06,07,16,09,18,D3,30,00,FE,04,16,0F,18,04,08,09,48,4F,52,4E,45,54,35
15:44:02.570 -> -80, 02,01,06,07,16,09,18,D3,30,00,FE,04,16,0F,18,04,08,09,48,4F,52,4E,45,54,35
15:44:02.618 -> -80, 02,01,06,07,16,09,18,D3,30,00,FE,04,16,0F,18,04,08,09,48,4F,52,4E,45,54,35
15:44:02.665 -> -80, 02,01,06,07,16,09,18,D3,30,00,FE,04,16,0F,18,04,08,09,48,4F,52,4E,45,54,35
15:44:02.712 -> -81, 02,01,06,07,16,09,18,D3,30,00,FE,04,16,0F,18,04,08,09,48,4F,52,4E,45,54,35
15:44:02.803 -> -80, 02,01,06,07,16,09,18,D3,30,00,FE,04,16,0F,18,04,08,09,48,4F,52,4E,45,54,35
15:44:02.803 -> -81, 02,01,06,07,16,09,18,D3,30,00,FE,04,16,0F,18,04,08,09,48,4F,52,4E,45,54,35
15:44:02.803 -> -81, 02,01,06,07,16,09,18,D3,30,00,FE,04,16,0F,18,04,08,09,48,4F,52,4E,45,54,35
15:44:02.896 -> -80, 02,01,06,07,16,09,18,D3,30,00,FE,04,16,0F,18,04,08,09,48,4F,52,4E,45,54,35
15:44:02.943 -> -80, 02,01,06,07,16,09,18,D3,30,00,FE,04,16,0F,18,04,08,09,48,4F,52,4E,45,54,35
15:44:02.990 -> -75, 02,01,06,07,16,09,18,D3,30,00,FE,04,16,0F,18,04,08,09,48,4F,52,4E,45,54,35
15:44:03.036 -> -76, 02,01,06,07,16,09,18,D3,30,00,FE,04,16,0F,18,04,08,09,48,4F,52,4E,45,54,35
15:44:03.036 -> -76, 02,01,06,07,16,09,18,D3,30,00,FE,04,16,0F,18,04,08,09,48,4F,52,4E,45,54,35
15:44:03.036 -> -76, 02,01,06,07,16,09,18,D3,30,00,FE,04,16,0F,18,04,08,09,48,4F,52,4E,45,54,35
15:44:03.130 -> -76, 02,01,06,07,16,09,18,D3,30,00,FE,04,16,0F,18,04,08,09,48,4F,52,4E,45,54,35
15:44:03.130 -> -75, 02,01,06,07,16,09,18,D3,30,00,FE,04,16,0F,18,04,08,09,48,4F,52,4E,45,54,35
15:44:03.130 -> -75, 02,01,06,07,16,09,18,D3,30,00,FE,04,16,0F,18,04,08,09,48,4F,52,4E,45,54,35
15:44:03.176 -> -76, 02,01,06,07,16,09,18,D3,30,00,FE,04,16,0F,18,04,08,09,48,4F,52,4E,45,54,35
15:44:03.224 -> -76, 02,01,06,07,16,09,18,D3,30,00,FE,04,16,0F,18,04,08,09,48,4F,52,4E,45,54,35
15:44:03.224 -> -75, 02,01,06,07,16,09,18,D3,30,00,FE,04,16,0F,18,04,08,09,48,4F,52,4E,45,54,35
15:44:03.270 -> -75, 02,01,06,07,16,09,18,D3,30,00,FE,04,16,0F,18,04,08,09,48,4F,52,4E,45,54,35
15:44:03.270 -> -75, 02,01,06,07,16,09,18,D3,30,00,FE,04,16,0F,18,04,08,09,48,4F,52,4E,45,54,35
15:44:03.270 -> -75, 02,01,06,07,16,09,18,D3,30,00,FE,04,16,0F,18,04,08,09,48,4F,52,4E,45,54,35
15:44:03.323 -> -75, 02,01,06,07,16,09,18,D3,30,00,FE,04,16,0F,18,04,08,09,48,4F,52,4E,45,54,35
15:44:03.323 -> -76, 02,01,06,07,16,09,18,D3,30,00,FE,04,16,0F,18,04,08,09,48,4F,52,4E,45,54,35
15:44:03.365 -> -76, 02,01,06,07,16,09,18,D3,30,00,FE,04,16,0F,18,04,08,09,48,4F,52,4E,45,54,35
15:44:03.365 -> -75, 02,01,06,07,16,09,18,D3,30,00,FE,04,16,0F,18,04,08,09,48,4F,52,4E,45,54,35
15:44:03.365 -> -75, 02,01,06,07,16,09,18,D3,30,00,FE,04,16,0F,18,04,08,09,48,4F,52,4E,45,54,35
15:44:03.413 -> -75, 02,01,06,07,16,09,18,D3,30,00,FE,04,16,0F,18,04,08,09,48,4F,52,4E,45,54,35
15:44:03.413 -> -75, 02,01,06,07,16,09,18,D3,30,00,FE,04,16,0F,18,04,08,09,48,4F,52,4E,45,54,35
15:44:03.458 -> -76, 02,01,06,07,16,09,18,D3,30,00,FE,04,16,0F,18,04,08,09,48,4F,52,4E,45,54,35
15:44:03.458 -> -76, 02,01,06,07,16,09,18,D3,30,00,FE,04,16,0F,18,04,08,09,48,4F,52,4E,45,54,35
15:44:03.690 -> -85, 02,01,06,07,16,09,18,D3,30,00,FE,04,16,0F,18,04,08,09,48,4F,52,4E,45,54,35
15:44:03.737 -> -84, 02,01,06,07,16,09,18,D3,30,00,FE,04,16,0F,18,04,08,09,48,4F,52,4E,45,54,35
15:44:03.737 -> -84, 02,01,06,07,16,09,18,D3,30,00,FE,04,16,0F,18,04,08,09,48,4F,52,4E,45,54,35
15:44:03.785 -> -85, 02,01,06,07,16,09,18,D3,30,00,FE,04,16,0F,18,04,08,09,48,4F,52,4E,45,54,35
15:44:03.925 -> -84, 02,01,06,07,16,09,18,D3,30,00,FE,04,16,0F,18,04,08,09,48,4F,52,4E,45,54,35
15:44:04.018 -> -83, 02,01,06,07,16,09,18,D3,30,00,FE,04,16,0F,18,04,08,09,48,4F,52,4E,45,54,35
15:44:04.347 -> -82, 02,01,06,07,16,09,18,D3,30,00,FE,04,16,0F,18,04,08,09,48,4F,52,4E,45,54,35
15:44:04.488 -> -76, 02,01,06,07,16,09,18,D3,30,00,FE,04,16,0F,18,04,08,09,48,4F,52,4E,45,54,35
15:44:04.535 -> -76, 02,01,06,07,16,09,18,D3,30,00,FE,04,16,0F,18,04,08,09,48,4F,52,4E,45,54,35
15:44:04.535 -> -77, 02,01,06,07,16,09,18,D3,30,00,FE,04,16,0F,18,04,08,09,48,4F,52,4E,45,54,35
15:44:04.630 -> -77, 02,01,06,07,16,09,18,D3,30,00,FE,04,16,0F,18,04,08,09,48,4F,52,4E,45,54,35
15:44:04.676 -> -77, 02,01,06,07,16,09,18,D3,30,00,FE,04,16,0F,18,04,08,09,48,4F,52,4E,45,54,35
15:44:04.676 -> -77, 02,01,06,07,16,09,18,D3,30,00,FE,04,16,0F,18,04,08,09,48,4F,52,4E,45,54,35
15:44:04.722 -> -77, 02,01,06,07,16,09,18,D3,30,00,FE,04,16,0F,18,04,08,09,48,4F,52,4E,45,54,35
15:44:04.722 -> -77, 02,01,06,07,16,09,18,D3,30,00,FE,04,16,0F,18,04,08,09,48,4F,52,4E,45,54,35
15:44:04.769 -> -76, 02,01,06,07,16,09,18,D3,30,00,FE,04,16,0F,18,04,08,09,48,4F,52,4E,45,54,35
15:44:04.769 -> -77, 02,01,06,07,16,09,18,D3,30,00,FE,04,16,0F,18,04,08,09,48,4F,52,4E,45,54,35
15:44:04.815 -> -77, 02,01,06,07,16,09,18,D3,30,00,FE,04,16,0F,18,04,08,09,48,4F,52,4E,45,54,35
15:44:04.815 -> -76, 02,01,06,07,16,09,18,D3,30,00,FE,04,16,0F,18,04,08,09,48,4F,52,4E,45,54,35
15:44:05.001 -> -76, 02,01,06,07,16,09,18,D3,30,00,FE,04,16,0F,18,04,08,09,48,4F,52,4E,45,54,35
15:44:05.048 -> -82, 02,01,06,07,16,09,18,D3,30,00,FE,04,16,0F,18,04,08,09,48,4F,52,4E,45,54,35
15:44:05.096 -> -81, 02,01,06,07,16,09,18,D3,30,00,FE,04,16,0F,18,04,08,09,48,4F,52,4E,45,54,35
15:44:05.142 -> -82, 02,01,06,07,16,09,18,D3,30,00,FE,04,16,0F,18,04,08,09,48,4F,52,4E,45,54,35
15:44:05.142 -> -82, 02,01,06,07,16,09,18,D3,30,00,FE,04,16,0F,18,04,08,09,48,4F,52,4E,45,54,35
15:44:05.142 -> -82, 02,01,06,07,16,09,18,D3,30,00,FE,04,16,0F,18,04,08,09,48,4F,52,4E,45,54,35
15:44:05.188 -> -82, 02,01,06,07,16,09,18,D3,30,00,FE,04,16,0F,18,04,08,09,48,4F,52,4E,45,54,35
15:44:05.188 -> -82, 02,01,06,07,16,09,18,D3,30,00,FE,04,16,0F,18,04,08,09,48,4F,52,4E,45,54,35
15:44:05.188 -> -82, 02,01,06,07,16,09,18,D3,30,00,FE,04,16,0F,18,04,08,09,48,4F,52,4E,45,54,35
15:44:05.235 -> -81, 02,01,06,07,16,09,18,D3,30,00,FE,04,16,0F,18,04,08,09,48,4F,52,4E,45,54,35
15:44:05.235 -> -82, 02,01,06,07,16,09,18,D3,30,00,FE,04,16,0F,18,04,08,09,48,4F,52,4E,45,54,35
15:44:05.282 -> -81, 02,01,06,07,16,09,18,D3,30,00,FE,04,16,0F,18,04,08,09,48,4F,52,4E,45,54,35
15:44:05.329 -> -81, 02,01,06,07,16,09,18,D3,30,00,FE,04,16,0F,18,04,08,09,48,4F,52,4E,45,54,35
15:44:05.329 -> -81, 02,01,06,07,16,09,18,D3,30,00,FE,04,16,0F,18,04,08,09,48,4F,52,4E,45,54,35
15:44:05.329 -> -80, 02,01,06,07,16,09,18,D3,30,00,FE,04,16,0F,18,04,08,09,48,4F,52,4E,45,54,35
15:44:05.376 -> -81, 02,01,06,07,16,09,18,D3,30,00,FE,04,16,0F,18,04,08,09,48,4F,52,4E,45,54,35
15:44:05.376 -> -81, 02,01,06,07,16,09,18,D3,30,00,FE,04,16,0F,18,04,08,09,48,4F,52,4E,45,54,35
15:44:05.376 -> -81, 02,01,06,07,16,09,18,D3,30,00,FE,04,16,0F,18,04,08,09,48,4F,52,4E,45,54,35
15:44:05.422 -> -81, 02,01,06,07,16,09,18,D3,30,00,FE,04,16,0F,18,04,08,09,48,4F,52,4E,45,54,35
15:44:05.422 -> -81, 02,01,06,07,16,09,18,D3,30,00,FE,04,16,0F,18,04,08,09,48,4F,52,4E,45,54,35
15:44:05.422 -> -81, 02,01,06,07,16,09,18,D3,30,00,FE,04,16,0F,18,04,08,09,48,4F,52,4E,45,54,35
15:44:05.469 -> -81, 02,01,06,07,16,09,18,D3,30,00,FE,04,16,0F,18,04,08,09,48,4F,52,4E,45,54,35
15:44:05.469 -> -81, 02,01,06,07,16,09,18,D3,30,00,FE,04,16,0F,18,04,08,09,48,4F,52,4E,45,54,35
15:44:05.517 -> -81, 02,01,06,07,16,09,18,D3,30,00,FE,04,16,0F,18,04,08,09,48,4F,52,4E,45,54,35
15:44:05.563 -> -80, 02,01,06,07,16,09,18,D3,30,00,FE,04,16,0F,18,04,08,09,48,4F,52,4E,45,54,35
15:44:05.563 -> -81, 02,01,06,07,16,09,18,D3,30,00,FE,04,16,0F,18,04,08,09,48,4F,52,4E,45,54,35
15:44:05.794 -> -80, 02,01,06,07,16,09,18,D3,30,00,FE,04,16,0F,18,04,08,09,48,4F,52,4E,45,54,35
15:44:05.889 -> -80, 02,01,06,07,16,09,18,D3,30,00,FE,04,16,0F,18,04,08,09,48,4F,52,4E,45,54,35
15:44:05.983 -> -80, 02,01,06,07,16,09,18,D3,30,00,FE,04,16,0F,18,04,08,09,48,4F,52,4E,45,54,35
15:44:06.030 -> -76, 02,01,06,07,16,09,18,D3,30,00,FE,04,16,0F,18,04,08,09,48,4F,52,4E,45,54,35
15:44:06.030 -> -77, 02,01,06,07,16,09,18,D3,30,00,FE,04,16,0F,18,04,08,09,48,4F,52,4E,45,54,35
15:44:06.077 -> -77, 02,01,06,07,16,09,18,D3,30,00,FE,04,16,0F,18,04,08,09,48,4F,52,4E,45,54,35
15:44:06.077 -> -77, 02,01,06,07,16,09,18,D3,30,00,FE,04,16,0F,18,04,08,09,48,4F,52,4E,45,54,35
15:44:06.125 -> -77, 02,01,06,07,16,09,18,D3,30,00,FE,04,16,0F,18,04,08,09,48,4F,52,4E,45,54,35
15:44:06.125 -> -77, 02,01,06,07,16,09,18,D3,30,00,FE,04,16,0F,18,04,08,09,48,4F,52,4E,45,54,35
15:44:06.171 -> -76, 02,01,06,07,16,09,18,D3,30,00,FE,04,16,0F,18,04,08,09,48,4F,52,4E,45,54,35
15:44:06.171 -> -77, 02,01,06,07,16,09,18,D3,30,00,FE,04,16,0F,18,04,08,09,48,4F,52,4E,45,54,35
15:44:06.218 -> -77, 02,01,06,07,16,09,18,D3,30,00,FE,04,16,0F,18,04,08,09,48,4F,52,4E,45,54,35
15:44:06.218 -> -78, 02,01,06,07,16,09,18,D3,30,00,FE,04,16,0F,18,04,08,09,48,4F,52,4E,45,54,35
15:44:06.359 -> -77, 02,01,06,07,16,09,18,D3,30,00,FE,04,16,0F,18,04,08,09,48,4F,52,4E,45,54,35
15:44:06.407 -> -77, 02,01,06,07,16,09,18,D3,30,00,FE,04,16,0F,18,04,08,09,48,4F,52,4E,45,54,35
15:44:06.407 -> -77, 02,01,06,07,16,09,18,D3,30,00,FE,04,16,0F,18,04,08,09,48,4F,52,4E,45,54,35
15:44:06.407 -> -77, 02,01,06,07,16,09,18,D3,30,00,FE,04,16,0F,18,04,08,09,48,4F,52,4E,45,54,35
15:44:06.453 -> -77, 02,01,06,07,16,09,18,D3,30,00,FE,04,16,0F,18,04,08,09,48,4F,52,4E,45,54,35
15:44:06.453 -> -77, 02,01,06,07,16,09,18,D3,30,00,FE,04,16,0F,18,04,08,09,48,4F,52,4E,45,54,35
15:44:06.500 -> -82, 02,01,06,07,16,09,18,D3,30,00,FE,04,16,0F,18,04,08,09,48,4F,52,4E,45,54,35
15:44:06.546 -> -81, 02,01,06,07,16,09,18,D3,30,00,FE,04,16,0F,18,04,08,09,48,4F,52,4E,45,54,35
15:44:06.546 -> -82, 02,01,06,07,16,09,18,D3,30,00,FE,04,16,0F,18,04,08,09,48,4F,52,4E,45,54,35
15:44:06.546 -> -82, 02,01,06,07,16,09,18,D3,30,00,FE,04,16,0F,18,04,08,09,48,4F,52,4E,45,54,35
15:44:06.594 -> -81, 02,01,06,07,16,09,18,D3,30,00,FE,04,16,0F,18,04,08,09,48,4F,52,4E,45,54,35
15:44:06.594 -> -82, 02,01,06,07,16,09,18,D3,30,00,FE,04,16,0F,18,04,08,09,48,4F,52,4E,45,54,35
15:44:06.640 -> -81, 02,01,06,07,16,09,18,D3,30,00,FE,04,16,0F,18,04,08,09,48,4F,52,4E,45,54,35
15:44:06.640 -> -82, 02,01,06,07,16,09,18,D3,30,00,FE,04,16,0F,18,04,08,09,48,4F,52,4E,45,54,35
15:44:06.686 -> -82, 02,01,06,07,16,09,18,D3,30,00,FE,04,16,0F,18,04,08,09,48,4F,52,4E,45,54,35
15:44:06.686 -> -82, 02,01,06,07,16,09,18,D3,30,00,FE,04,16,0F,18,04,08,09,48,4F,52,4E,45,54,35
15:44:06.734 -> -82, 02,01,06,07,16,09,18,D3,30,00,FE,04,16,0F,18,04,08,09,48,4F,52,4E,45,54,35
15:44:06.734 -> -82, 02,01,06,07,16,09,18,D3,30,00,FE,04,16,0F,18,04,08,09,48,4F,52,4E,45,54,35
15:44:06.734 -> -81, 02,01,06,07,16,09,18,D3,30,00,FE,04,16,0F,18,04,08,09,48,4F,52,4E,45,54,35
15:44:06.781 -> -83, 02,01,06,07,16,09,18,D3,30,00,FE,04,16,0F,18,04,08,09,48,4F,52,4E,45,54,35
15:44:06.781 -> -82, 02,01,06,07,16,09,18,D3,30,00,FE,04,16,0F,18,04,08,09,48,4F,52,4E,45,54,35
15:44:06.828 -> -82, 02,01,06,07,16,09,18,D3,30,00,FE,04,16,0F,18,04,08,09,48,4F,52,4E,45,54,35
15:44:06.875 -> -82, 02,01,06,07,16,09,18,D3,30,00,FE,04,16,0F,18,04,08,09,48,4F,52,4E,45,54,35
15:44:06.922 -> -82, 02,01,06,07,16,09,18,D3,30,00,FE,04,16,0F,18,04,08,09,48,4F,52,4E,45,54,35
15:44:06.922 -> -82, 02,01,06,07,16,09,18,D3,30,00,FE,04,16,0F,18,04,08,09,48,4F,52,4E,45,54,35
15:44:06.922 -> -82, 02,01,06,07,16,09,18,D3,30,00,FE,04,16,0F,18,04,08,09,48,4F,52,4E,45,54,35
15:44:06.969 -> -83, 02,01,06,07,16,09,18,D3,30,00,FE,04,16,0F,18,04,08,09,48,4F,52,4E,45,54,35
15:44:06.969 -> -81, 02,01,06,07,16,09,18,D3,30,00,FE,04,16,0F,18,04,08,09,48,4F,52,4E,45,54,35
15:44:06.969 -> -82, 02,01,06,07,16,09,18,D3,30,00,FE,04,16,0F,18,04,08,09,48,4F,52,4E,45,54,35
15:44:06.969 -> -82, 02,01,06,07,16,09,18,D3,30,00,FE,04,16,0F,18,04,08,09,48,4F,52,4E,45,54,35
15:44:07.017 -> -81, 02,01,06,07,16,09,18,D3,30,00,FE,04,16,0F,18,04,08,09,48,4F,52,4E,45,54,35
15:44:07.017 -> -81, 02,01,06,07,16,09,18,D3,30,00,FE,04,16,0F,18,04,08,09,48,4F,52,4E,45,54,35
15:44:07.063 -> -81, 02,01,06,07,16,09,18,D3,30,00,FE,04,16,0F,18,04,08,09,48,4F,52,4E,45,54,35
15:44:07.155 -> -81, 02,01,06,07,16,09,18,D3,30,00,FE,04,16,0F,18,04,08,09,48,4F,52,4E,45,54,35
15:44:07.484 -> -81, 02,01,06,07,16,09,18,D3,30,00,FE,04,16,0F,18,04,08,09,48,4F,52,4E,45,54,35
15:44:07.484 -> -76, 02,01,06,07,16,09,18,D3,30,00,FE,04,16,0F,18,04,08,09,48,4F,52,4E,45,54,35
15:44:07.531 -> -76, 02,01,06,07,16,09,18,D3,30,00,FE,04,16,0F,18,04,08,09,48,4F,52,4E,45,54,35
15:44:07.531 -> -76, 02,01,06,07,16,09,18,D3,30,00,FE,04,16,0F,18,04,08,09,48,4F,52,4E,45,54,35
15:44:07.531 -> -76, 02,01,06,07,16,09,18,D3,30,00,FE,04,16,0F,18,04,08,09,48,4F,52,4E,45,54,35
15:44:07.531 -> -77, 02,01,06,07,16,09,18,D3,30,00,FE,04,16,0F,18,04,08,09,48,4F,52,4E,45,54,35
15:44:07.577 -> -77, 02,01,06,07,16,09,18,D3,30,00,FE,04,16,0F,18,04,08,09,48,4F,52,4E,45,54,35
15:44:07.623 -> -78, 02,01,06,07,16,09,18,D3,30,00,FE,04,16,0F,18,04,08,09,48,4F,52,4E,45,54,35
15:44:07.669 -> -77, 02,01,06,07,16,09,18,D3,30,00,FE,04,16,0F,18,04,08,09,48,4F,52,4E,45,54,35
15:44:07.716 -> -77, 02,01,06,07,16,09,18,D3,30,00,FE,04,16,0F,18,04,08,09,48,4F,52,4E,45,54,35
15:44:07.716 -> -76, 02,01,06,07,16,09,18,D3,30,00,FE,04,16,0F,18,04,08,09,48,4F,52,4E,45,54,35
15:44:07.716 -> -77, 02,01,06,07,16,09,18,D3,30,00,FE,04,16,0F,18,04,08,09,48,4F,52,4E,45,54,35
15:44:07.763 -> -77, 02,01,06,07,16,09,18,D3,30,00,FE,04,16,0F,18,04,08,09,48,4F,52,4E,45,54,35
15:44:07.763 -> -77, 02,01,06,07,16,09,18,D3,30,00,FE,04,16,0F,18,04,08,09,48,4F,52,4E,45,54,35
15:44:07.763 -> -76, 02,01,06,07,16,09,18,D3,30,00,FE,04,16,0F,18,04,08,09,48,4F,52,4E,45,54,35
15:44:07.809 -> -77, 02,01,06,07,16,09,18,D3,30,00,FE,04,16,0F,18,04,08,09,48,4F,52,4E,45,54,35
15:44:07.809 -> -77, 02,01,06,07,16,09,18,D3,30,00,FE,04,16,0F,18,04,08,09,48,4F,52,4E,45,54,35
15:44:07.856 -> -77, 02,01,06,07,16,09,18,D3,30,00,FE,04,16,0F,18,04,08,09,48,4F,52,4E,45,54,35
15:44:07.856 -> -77, 02,01,06,07,16,09,18,D3,30,00,FE,04,16,0F,18,04,08,09,48,4F,52,4E,45,54,35
15:44:07.903 -> -77, 02,01,06,07,16,09,18,D3,30,00,FE,04,16,0F,18,04,08,09,48,4F,52,4E,45,54,35
15:44:07.949 -> -77, 02,01,06,07,16,09,18,D3,30,00,FE,04,16,0F,18,04,08,09,48,4F,52,4E,45,54,35
15:44:07.949 -> -77, 02,01,06,07,16,09,18,D3,30,00,FE,04,16,0F,18,04,08,09,48,4F,52,4E,45,54,35
15:44:07.996 -> -77, 02,01,06,07,16,09,18,D3,30,00,FE,04,16,0F,18,04,08,09,48,4F,52,4E,45,54,35
15:44:08.043 -> -81, 02,01,06,07,16,09,18,D3,30,00,FE,04,16,0F,18,04,08,09,48,4F,52,4E,45,54,35
15:44:08.043 -> -81, 02,01,06,07,16,09,18,D3,30,00,FE,04,16,0F,18,04,08,09,48,4F,52,4E,45,54,35
15:44:08.043 -> -81, 02,01,06,07,16,09,18,D3,30,00,FE,04,16,0F,18,04,08,09,48,4F,52,4E,45,54,35
15:44:08.089 -> -81, 02,01,06,07,16,09,18,D3,30,00,FE,04,16,0F,18,04,08,09,48,4F,52,4E,45,54,35
15:44:08.089 -> -81, 02,01,06,07,16,09,18,D3,30,00,FE,04,16,0F,18,04,08,09,48,4F,52,4E,45,54,35
15:44:08.089 -> -81, 02,01,06,07,16,09,18,D3,30,00,FE,04,16,0F,18,04,08,09,48,4F,52,4E,45,54,35
15:44:08.136 -> -81, 02,01,06,07,16,09,18,D3,30,00,FE,04,16,0F,18,04,08,09,48,4F,52,4E,45,54,35
15:44:08.136 -> -80, 02,01,06,07,16,09,18,D3,30,00,FE,04,16,0F,18,04,08,09,48,4F,52,4E,45,54,35
15:44:08.182 -> -81, 02,01,06,07,16,09,18,D3,30,00,FE,04,16,0F,18,04,08,09,48,4F,52,4E,45,54,35
15:44:08.182 -> -81, 02,01,06,07,16,09,18,D3,30,00,FE,04,16,0F,18,04,08,09,48,4F,52,4E,45,54,35
15:44:08.182 -> -81, 02,01,06,07,16,09,18,D3,30,00,FE,04,16,0F,18,04,08,09,48,4F,52,4E,45,54,35
15:44:08.230 -> -81, 02,01,06,07,16,09,18,D3,30,00,FE,04,16,0F,18,04,08,09,48,4F,52,4E,45,54,35
15:44:08.230 -> -81, 02,01,06,07,16,09,18,D3,30,00,FE,04,16,0F,18,04,08,09,48,4F,52,4E,45,54,35
15:44:08.276 -> -80, 02,01,06,07,16,09,18,D3,30,00,FE,04,16,0F,18,04,08,09,48,4F,52,4E,45,54,35
15:44:08.322 -> -81, 02,01,06,07,16,09,18,D3,30,00,FE,04,16,0F,18,04,08,09,48,4F,52,4E,45,54,35
15:44:08.322 -> -81, 02,01,06,07,16,09,18,D3,30,00,FE,04,16,0F,18,04,08,09,48,4F,52,4E,45,54,35
15:44:08.322 -> -80, 02,01,06,07,16,09,18,D3,30,00,FE,04,16,0F,18,04,08,09,48,4F,52,4E,45,54,35
15:44:08.370 -> -81, 02,01,06,07,16,09,18,D3,30,00,FE,04,16,0F,18,04,08,09,48,4F,52,4E,45,54,35
15:44:08.370 -> -81, 02,01,06,07,16,09,18,D3,30,00,FE,04,16,0F,18,04,08,09,48,4F,52,4E,45,54,35
15:44:08.417 -> -81, 02,01,06,07,16,09,18,D3,30,00,FE,04,16,0F,18,04,08,09,48,4F,52,4E,45,54,35
15:44:08.417 -> -81, 02,01,06,07,16,09,18,D3,30,00,FE,04,16,0F,18,04,08,09,48,4F,52,4E,45,54,35
15:44:08.417 -> -81, 02,01,06,07,16,09,18,D3,30,00,FE,04,16,0F,18,04,08,09,48,4F,52,4E,45,54,35
15:44:08.417 -> -80, 02,01,06,07,16,09,18,D3,30,00,FE,04,16,0F,18,04,08,09,48,4F,52,4E,45,54,35
15:44:08.464 -> -81, 02,01,06,07,16,09,18,D3,30,00,FE,04,16,0F,18,04,08,09,48,4F,52,4E,45,54,35
15:44:08.464 -> -81, 02,01,06,07,16,09,18,D3,30,00,FE,04,16,0F,18,04,08,09,48,4F,52,4E,45,54,35
15:44:08.464 -> -81, 02,01,06,07,16,09,18,D3,30,00,FE,04,16,0F,18,04,08,09,48,4F,52,4E,45,54,35
15:44:08.510 -> -81, 02,01,06,07,16,09,18,D3,30,00,FE,04,16,0F,18,04,08,09,48,4F,52,4E,45,54,35
15:44:08.510 -> -80, 02,01,06,07,16,09,18,D3,30,00,FE,04,16,0F,18,04,08,09,48,4F,52,4E,45,54,35
15:44:08.745 -> -82, 02,01,06,07,16,09,18,D3,30,00,FE,04,16,0F,18,04,08,09,48,4F,52,4E,45,54,35
15:44:08.838 -> -81, 02,01,06,07,16,09,18,D3,30,00,FE,04,16,0F,18,04,08,09,48,4F,52,4E,45,54,35
15:44:08.932 -> -82, 02,01,06,07,16,09,18,D3,30,00,FE,04,16,0F,18,04,08,09,48,4F,52,4E,45,54,35
15:44:08.978 -> -76, 02,01,06,07,16,09,18,D3,30,00,FE,04,16,0F,18,04,08,09,48,4F,52,4E,45,54,35
15:44:09.025 -> -77, 02,01,06,07,16,09,18,D3,30,00,FE,04,16,0F,18,04,08,09,48,4F,52,4E,45,54,35
15:44:09.025 -> -76, 02,01,06,07,16,09,18,D3,30,00,FE,04,16,0F,18,04,08,09,48,4F,52,4E,45,54,35
15:44:09.073 -> -76, 02,01,06,07,16,09,18,D3,30,00,FE,04,16,0F,18,04,08,09,48,4F,52,4E,45,54,35
15:44:09.073 -> -76, 02,01,06,07,16,09,18,D3,30,00,FE,04,16,0F,18,04,08,09,48,4F,52,4E,45,54,35
15:44:09.073 -> -76, 02,01,06,07,16,09,18,D3,30,00,FE,04,16,0F,18,04,08,09,48,4F,52,4E,45,54,35
15:44:09.119 -> -77, 02,01,06,07,16,09,18,D3,30,00,FE,04,16,0F,18,04,08,09,48,4F,52,4E,45,54,35
15:44:09.166 -> -77, 02,01,06,07,16,09,18,D3,30,00,FE,04,16,0F,18,04,08,09,48,4F,52,4E,45,54,35
15:44:09.166 -> -77, 02,01,06,07,16,09,18,D3,30,00,FE,04,16,0F,18,04,08,09,48,4F,52,4E,45,54,35
15:44:09.213 -> -77, 02,01,06,07,16,09,18,D3,30,00,FE,04,16,0F,18,04,08,09,48,4F,52,4E,45,54,35
15:44:09.213 -> -77, 02,01,06,07,16,09,18,D3,30,00,FE,04,16,0F,18,04,08,09,48,4F,52,4E,45,54,35
15:44:09.213 -> -77, 02,01,06,07,16,09,18,D3,30,00,FE,04,16,0F,18,04,08,09,48,4F,52,4E,45,54,35
15:44:09.260 -> -77, 02,01,06,07,16,09,18,D3,30,00,FE,04,16,0F,18,04,08,09,48,4F,52,4E,45,54,35
15:44:09.260 -> -77, 02,01,06,07,16,09,18,D3,30,00,FE,04,16,0F,18,04,08,09,48,4F,52,4E,45,54,35
15:44:09.353 -> -77, 02,01,06,07,16,09,18,D3,30,00,FE,04,16,0F,18,04,08,09,48,4F,52,4E,45,54,35
15:44:09.353 -> -77, 02,01,06,07,16,09,18,D3,30,00,FE,04,16,0F,18,04,08,09,48,4F,52,4E,45,54,35
15:44:09.400 -> -77, 02,01,06,07,16,09,18,D3,30,00,FE,04,16,0F,18,04,08,09,48,4F,52,4E,45,54,35
15:44:09.448 -> -77, 02,01,06,07,16,09,18,D3,30,00,FE,04,16,0F,18,04,08,09,48,4F,52,4E,45,54,35
15:44:09.496 -> -77, 02,01,06,07,16,09,18,D3,30,00,FE,04,16,0F,18,04,08,09,48,4F,52,4E,45,54,35
15:44:09.496 -> -80, 02,01,06,07,16,09,18,D3,30,00,FE,04,16,0F,18,04,08,09,48,4F,52,4E,45,54,35
15:44:09.496 -> -79, 02,01,06,07,16,09,18,D3,30,00,FE,04,16,0F,18,04,08,09,48,4F,52,4E,45,54,35
15:44:09.544 -> -79, 02,01,06,07,16,09,18,D3,30,00,FE,04,16,0F,18,04,08,09,48,4F,52,4E,45,54,35
15:44:09.544 -> -79, 02,01,06,07,16,09,18,D3,30,00,FE,04,16,0F,18,04,08,09,48,4F,52,4E,45,54,35
15:44:09.544 -> -79, 02,01,06,07,16,09,18,D3,30,00,FE,04,16,0F,18,04,08,09,48,4F,52,4E,45,54,35
15:44:09.544 -> -79, 02,01,06,07,16,09,18,D3,30,00,FE,04,16,0F,18,04,08,09,48,4F,52,4E,45,54,35
15:44:09.544 -> -79, 02,01,06,07,16,09,18,D3,30,00,FE,04,16,0F,18,04,08,09,48,4F,52,4E,45,54,35
15:44:09.591 -> -79, 02,01,06,07,16,09,18,D3,30,00,FE,04,16,0F,18,04,08,09,48,4F,52,4E,45,54,35
15:44:09.591 -> -79, 02,01,06,07,16,09,18,D3,30,00,FE,04,16,0F,18,04,08,09,48,4F,52,4E,45,54,35
15:44:09.591 -> -79, 02,01,06,07,16,09,18,D3,30,00,FE,04,16,0F,18,04,08,09,48,4F,52,4E,45,54,35
15:44:09.637 -> -79, 02,01,06,07,16,09,18,D3,30,00,FE,04,16,0F,18,04,08,09,48,4F,52,4E,45,54,35
15:44:09.637 -> -79, 02,01,06,07,16,09,18,D3,30,00,FE,04,16,0F,18,04,08,09,48,4F,52,4E,45,54,35
15:44:09.637 -> -79, 02,01,06,07,16,09,18,D3,30,00,FE,04,16,0F,18,04,08,09,48,4F,52,4E,45,54,35
15:44:09.637 -> -78, 02,01,06,07,16,09,18,D3,30,00,FE,04,16,0F,18,04,08,09,48,4F,52,4E,45,54,35
15:44:09.684 -> -79, 02,01,06,07,16,09,18,D3,30,00,FE,04,16,0F,18,04,08,09,48,4F,52,4E,45,54,35
15:44:09.684 -> -79, 02,01,06,07,16,09,18,D3,30,00,FE,04,16,0F,18,04,08,09,48,4F,52,4E,45,54,35
15:44:09.684 -> -79, 02,01,06,07,16,09,18,D3,30,00,FE,04,16,0F,18,04,08,09,48,4F,52,4E,45,54,35
15:44:09.730 -> -79, 02,01,06,07,16,09,18,D3,30,00,FE,04,16,0F,18,04,08,09,48,4F,52,4E,45,54,35
15:44:09.730 -> -79, 02,01,06,07,16,09,18,D3,30,00,FE,04,16,0F,18,04,08,09,48,4F,52,4E,45,54,35
15:44:09.730 -> -79, 02,01,06,07,16,09,18,D3,30,00,FE,04,16,0F,18,04,08,09,48,4F,52,4E,45,54,35
15:44:09.730 -> -79, 02,01,06,07,16,09,18,D3,30,00,FE,04,16,0F,18,04,08,09,48,4F,52,4E,45,54,35
15:44:09.777 -> -79, 02,01,06,07,16,09,18,D3,30,00,FE,04,16,0F,18,04,08,09,48,4F,52,4E,45,54,35
15:44:09.777 -> -79, 02,01,06,07,16,09,18,D3,30,00,FE,04,16,0F,18,04,08,09,48,4F,52,4E,45,54,35
15:44:09.777 -> -79, 02,01,06,07,16,09,18,D3,30,00,FE,04,16,0F,18,04,08,09,48,4F,52,4E,45,54,35
15:44:09.777 -> -79, 02,01,06,07,16,09,18,D3,30,00,FE,04,16,0F,18,04,08,09,48,4F,52,4E,45,54,35
15:44:09.824 -> -79, 02,01,06,07,16,09,18,D3,30,00,FE,04,16,0F,18,04,08,09,48,4F,52,4E,45,54,35
15:44:09.824 -> -79, 02,01,06,07,16,09,18,D3,30,00,FE,04,16,0F,18,04,08,09,48,4F,52,4E,45,54,35
15:44:09.824 -> -79, 02,01,06,07,16,09,18,D3,30,00,FE,04,16,0F,18,04,08,09,48,4F,52,4E,45,54,35
15:44:09.824 -> -79, 02,01,06,07,16,09,18,D3,30,00,FE,04,16,0F,18,04,08,09,48,4F,52,4E,45,54,35
15:44:09.872 -> -79, 02,01,06,07,16,09,18,D3,30,00,FE,04,16,0F,18,04,08,09,48,4F,52,4E,45,54,35
15:44:09.872 -> -79, 02,01,06,07,16,09,18,D3,30,00,FE,04,16,0F,18,04,08,09,48,4F,52,4E,45,54,35
15:44:09.872 -> -79, 02,01,06,07,16,09,18,D3,30,00,FE,04,16,0F,18,04,08,09,48,4F,52,4E,45,54,35
15:44:09.872 -> -79, 02,01,06,07,16,09,18,D3,30,00,FE,04,16,0F,18,04,08,09,48,4F,52,4E,45,54,35
15:44:09.919 -> -79, 02,01,06,07,16,09,18,D3,30,00,FE,04,16,0F,18,04,08,09,48,4F,52,4E,45,54,35
15:44:09.919 -> -79, 02,01,06,07,16,09,18,D3,30,00,FE,04,16,0F,18,04,08,09,48,4F,52,4E,45,54,35
15:44:09.919 -> -79, 02,01,06,07,16,09,18,D3,30,00,FE,04,16,0F,18,04,08,09,48,4F,52,4E,45,54,35
15:44:09.919 -> -79, 02,01,06,07,16,09,18,D3,30,00,FE,04,16,0F,18,04,08,09,48,4F,52,4E,45,54,35
15:44:09.966 -> -79, 02,01,06,07,16,09,18,D3,30,00,FE,04,16,0F,18,04,08,09,48,4F,52,4E,45,54,35
15:44:09.966 -> -79, 02,01,06,07,16,09,18,D3,30,00,FE,04,16,0F,18,04,08,09,48,4F,52,4E,45,54,35
15:44:09.966 -> -79, 02,01,06,07,16,09,18,D3,30,00,FE,04,16,0F,18,04,08,09,48,4F,52,4E,45,54,35
15:44:10.013 -> -79, 02,01,06,07,16,09,18,D3,30,00,FE,04,16,0F,18,04,08,09,48,4F,52,4E,45,54,35
15:44:10.060 -> -79, 02,01,06,07,16,09,18,D3,30,00,FE,04,16,0F,18,04,08,09,48,4F,52,4E,45,54,35
15:44:10.060 -> -78, 02,01,06,07,16,09,18,D3,30,00,FE,04,16,0F,18,04,08,09,48,4F,52,4E,45,54,35
15:44:10.106 -> -79, 02,01,06,07,16,09,18,D3,30,00,FE,04,16,0F,18,04,08,09,48,4F,52,4E,45,54,35
15:44:10.106 -> -79, 02,01,06,07,16,09,18,D3,30,00,FE,04,16,0F,18,04,08,09,48,4F,52,4E,45,54,35
15:44:10.153 -> -78, 02,01,06,07,16,09,18,D3,30,00,FE,04,16,0F,18,04,08,09,48,4F,52,4E,45,54,35
15:44:10.153 -> -79, 02,01,06,07,16,09,18,D3,30,00,FE,04,16,0F,18,04,08,09,48,4F,52,4E,45,54,35
15:44:10.202 -> -79, 02,01,06,07,16,09,18,D3,30,00,FE,04,16,0F,18,04,08,09,48,4F,52,4E,45,54,35
15:44:10.202 -> -79, 02,01,06,07,16,09,18,D3,30,00,FE,04,16,0F,18,04,08,09,48,4F,52,4E,45,54,35
15:44:10.248 -> -80, 02,01,06,07,16,09,18,D3,30,00,FE,04,16,0F,18,04,08,09,48,4F,52,4E,45,54,35
15:44:10.248 -> -79, 02,01,06,07,16,09,18,D3,30,00,FE,04,16,0F,18,04,08,09,48,4F,52,4E,45,54,35
15:44:10.295 -> -79, 02,01,06,07,16,09,18,D3,30,00,FE,04,16,0F,18,04,08,09,48,4F,52,4E,45,54,35
15:44:10.295 -> -79, 02,01,06,07,16,09,18,D3,30,00,FE,04,16,0F,18,04,08,09,48,4F,52,4E,45,54,35
15:44:10.340 -> -79, 02,01,06,07,16,09,18,D3,30,00,FE,04,16,0F,18,04,08,09,48,4F,52,4E,45,54,35
15:44:10.387 -> -79, 02,01,06,07,16,09,18,D3,30,00,FE,04,16,0F,18,04,08,09,48,4F,52,4E,45,54,35
15:44:10.433 -> -79, 02,01,06,07,16,09,18,D3,30,00,FE,04,16,0F,18,04,08,09,48,4F,52,4E,45,54,35
15:44:10.528 -> -77, 02,01,06,07,16,09,18,D3,30,00,FE,04,16,0F,18,04,08,09,48,4F,52,4E,45,54,35
15:44:10.619 -> -77, 02,01,06,07,16,09,18,D3,30,00,FE,04,16,0F,18,04,08,09,48,4F,52,4E,45,54,35
15:44:10.665 -> -78, 02,01,06,07,16,09,18,D3,30,00,FE,04,16,0F,18,04,08,09,48,4F,52,4E,45,54,35
15:44:10.711 -> -77, 02,01,06,07,16,09,18,D3,30,00,FE,04,16,0F,18,04,08,09,48,4F,52,4E,45,54,35
15:44:10.805 -> -77, 02,01,06,07,16,09,18,D3,30,00,FE,04,16,0F,18,04,08,09,48,4F,52,4E,45,54,35
15:44:10.805 -> -77, 02,01,06,07,16,09,18,D3,30,00,FE,04,16,0F,18,04,08,09,48,4F,52,4E,45,54,35
15:44:10.852 -> -76, 02,01,06,07,16,09,18,D3,30,00,FE,04,16,0F,18,04,08,09,48,4F,52,4E,45,54,35
15:44:10.852 -> -76, 02,01,06,07,16,09,18,D3,30,00,FE,04,16,0F,18,04,08,09,48,4F,52,4E,45,54,35
15:44:10.898 -> -77, 02,01,06,07,16,09,18,D3,30,00,FE,04,16,0F,18,04,08,09,48,4F,52,4E,45,54,35
15:44:10.898 -> -77, 02,01,06,07,16,09,18,D3,30,00,FE,04,16,0F,18,04,08,09,48,4F,52,4E,45,54,35
15:44:10.991 -> -77, 02,01,06,07,16,09,18,D3,30,00,FE,04,16,0F,18,04,08,09,48,4F,52,4E,45,54,35
15:44:11.038 -> -82, 02,01,06,07,16,09,18,D3,30,00,FE,04,16,0F,18,04,08,09,48,4F,52,4E,45,54,35
15:44:11.038 -> -82, 02,01,06,07,16,09,18,D3,30,00,FE,04,16,0F,18,04,08,09,48,4F,52,4E,45,54,35
15:44:11.038 -> -81, 02,01,06,07,16,09,18,D3,30,00,FE,04,16,0F,18,04,08,09,48,4F,52,4E,45,54,35
15:44:11.084 -> -82, 02,01,06,07,16,09,18,D3,30,00,FE,04,16,0F,18,04,08,09,48,4F,52,4E,45,54,35
15:44:11.084 -> -82, 02,01,06,07,16,09,18,D3,30,00,FE,04,16,0F,18,04,08,09,48,4F,52,4E,45,54,35
15:44:11.131 -> -82, 02,01,06,07,16,09,18,D3,30,00,FE,04,16,0F,18,04,08,09,48,4F,52,4E,45,54,35
15:44:11.131 -> -82, 02,01,06,07,16,09,18,D3,30,00,FE,04,16,0F,18,04,08,09,48,4F,52,4E,45,54,35
15:44:11.176 -> -81, 02,01,06,07,16,09,18,D3,30,00,FE,04,16,0F,18,04,08,09,48,4F,52,4E,45,54,35
15:44:11.176 -> -82, 02,01,06,07,16,09,18,D3,30,00,FE,04,16,0F,18,04,08,09,48,4F,52,4E,45,54,35
15:44:11.224 -> -82, 02,01,06,07,16,09,18,D3,30,00,FE,04,16,0F,18,04,08,09,48,4F,52,4E,45,54,35
15:44:11.224 -> -82, 02,01,06,07,16,09,18,D3,30,00,FE,04,16,0F,18,04,08,09,48,4F,52,4E,45,54,35
15:44:11.271 -> -83, 02,01,06,07,16,09,18,D3,30,00,FE,04,16,0F,18,04,08,09,48,4F,52,4E,45,54,35
15:44:11.271 -> -84, 02,01,06,07,16,09,18,D3,30,00,FE,04,16,0F,18,04,08,09,48,4F,52,4E,45,54,35
15:44:11.317 -> -83, 02,01,06,07,16,09,18,D3,30,00,FE,04,16,0F,18,04,08,09,48,4F,52,4E,45,54,35
15:44:11.364 -> -82, 02,01,06,07,16,09,18,D3,30,00,FE,04,16,0F,18,04,08,09,48,4F,52,4E,45,54,35
15:44:11.364 -> -82, 02,01,06,07,16,09,18,D3,30,00,FE,04,16,0F,18,04,08,09,48,4F,52,4E,45,54,35
15:44:11.410 -> -82, 02,01,06,07,16,09,18,D3,30,00,FE,04,16,0F,18,04,08,09,48,4F,52,4E,45,54,35
15:44:11.457 -> -82, 02,01,06,07,16,09,18,D3,30,00,FE,04,16,0F,18,04,08,09,48,4F,52,4E,45,54,35
15:44:11.505 -> -82, 02,01,06,07,16,09,18,D3,30,00,FE,04,16,0F,18,04,08,09,48,4F,52,4E,45,54,35
15:44:11.598 -> -80, 02,01,06,07,16,09,18,D3,30,00,FE,04,16,0F,18,04,08,09,48,4F,52,4E,45,54,35
15:44:11.598 -> -80, 02,01,06,07,16,09,18,D3,30,00,FE,04,16,0F,18,04,08,09,48,4F,52,4E,45,54,35
15:44:11.695 -> -80, 02,01,06,07,16,09,18,D3,30,00,FE,04,16,0F,18,04,08,09,48,4F,52,4E,45,54,35
15:44:11.695 -> -79, 02,01,06,07,16,09,18,D3,30,00,FE,04,16,0F,18,04,08,09,48,4F,52,4E,45,54,35
15:44:11.742 -> -79, 02,01,06,07,16,09,18,D3,30,00,FE,04,16,0F,18,04,08,09,48,4F,52,4E,45,54,35
15:44:11.742 -> -78, 02,01,06,07,16,09,18,D3,30,00,FE,04,16,0F,18,04,08,09,48,4F,52,4E,45,54,35
15:44:11.788 -> -79, 02,01,06,07,16,09,18,D3,30,00,FE,04,16,0F,18,04,08,09,48,4F,52,4E,45,54,35
15:44:11.788 -> -79, 02,01,06,07,16,09,18,D3,30,00,FE,04,16,0F,18,04,08,09,48,4F,52,4E,45,54,35
15:44:11.834 -> -79, 02,01,06,07,16,09,18,D3,30,00,FE,04,16,0F,18,04,08,09,48,4F,52,4E,45,54,35
15:44:11.882 -> -79, 02,01,06,07,16,09,18,D3,30,00,FE,04,16,0F,18,04,08,09,48,4F,52,4E,45,54,35
15:44:11.927 -> -79, 02,01,06,07,16,09,18,D3,30,00,FE,04,16,0F,18,04,08,09,48,4F,52,4E,45,54,35
15:44:11.975 -> -79, 02,01,06,07,16,09,18,D3,30,00,FE,04,16,0F,18,04,08,09,48,4F,52,4E,45,54,35
15:44:12.021 -> -77, 02,01,06,07,16,09,18,D3,30,00,FE,04,16,0F,18,04,08,09,48,4F,52,4E,45,54,35
15:44:12.067 -> -77, 02,01,06,07,16,09,18,D3,30,00,FE,04,16,0F,18,04,08,09,48,4F,52,4E,45,54,35
15:44:12.113 -> -77, 02,01,06,07,16,09,18,D3,30,00,FE,04,16,0F,18,04,08,09,48,4F,52,4E,45,54,35
15:44:12.113 -> -77, 02,01,06,07,16,09,18,D3,30,00,FE,04,16,0F,18,04,08,09,48,4F,52,4E,45,54,35
15:44:12.160 -> -77, 02,01,06,07,16,09,18,D3,30,00,FE,04,16,0F,18,04,08,09,48,4F,52,4E,45,54,35
15:44:12.160 -> -77, 02,01,06,07,16,09,18,D3,30,00,FE,04,16,0F,18,04,08,09,48,4F,52,4E,45,54,35
15:44:12.160 -> -77, 02,01,06,07,16,09,18,D3,30,00,FE,04,16,0F,18,04,08,09,48,4F,52,4E,45,54,35
15:44:12.206 -> -77, 02,01,06,07,16,09,18,D3,30,00,FE,04,16,0F,18,04,08,09,48,4F,52,4E,45,54,35
15:44:12.206 -> -77, 02,01,06,07,16,09,18,D3,30,00,FE,04,16,0F,18,04,08,09,48,4F,52,4E,45,54,35
15:44:12.252 -> -77, 02,01,06,07,16,09,18,D3,30,00,FE,04,16,0F,18,04,08,09,48,4F,52,4E,45,54,35
15:44:12.299 -> -77, 02,01,06,07,16,09,18,D3,30,00,FE,04,16,0F,18,04,08,09,48,4F,52,4E,45,54,35
15:44:12.346 -> -77, 02,01,06,07,16,09,18,D3,30,00,FE,04,16,0F,18,04,08,09,48,4F,52,4E,45,54,35
15:44:12.393 -> -77, 02,01,06,07,16,09,18,D3,30,00,FE,04,16,0F,18,04,08,09,48,4F,52,4E,45,54,35
15:44:12.440 -> -77, 02,01,06,07,16,09,18,D3,30,00,FE,04,16,0F,18,04,08,09,48,4F,52,4E,45,54,35
15:44:12.486 -> -77, 02,01,06,07,16,09,18,D3,30,00,FE,04,16,0F,18,04,08,09,48,4F,52,4E,45,54,35
15:44:12.486 -> -80, 02,01,06,07,16,09,18,D3,30,00,FE,04,16,0F,18,04,08,09,48,4F,52,4E,45,54,35
15:44:12.532 -> -80, 02,01,06,07,16,09,18,D3,30,00,FE,04,16,0F,18,04,08,09,48,4F,52,4E,45,54,35
15:44:12.532 -> -80, 02,01,06,07,16,09,18,D3,30,00,FE,04,16,0F,18,04,08,09,48,4F,52,4E,45,54,35
15:44:12.532 -> -81, 02,01,06,07,16,09,18,D3,30,00,FE,04,16,0F,18,04,08,09,48,4F,52,4E,45,54,35
15:44:12.580 -> -80, 02,01,06,07,16,09,18,D3,30,00,FE,04,16,0F,18,04,08,09,48,4F,52,4E,45,54,35
15:44:12.580 -> -80, 02,01,06,07,16,09,18,D3,30,00,FE,04,16,0F,18,04,08,09,48,4F,52,4E,45,54,35
15:44:12.580 -> -80, 02,01,06,07,16,09,18,D3,30,00,FE,04,16,0F,18,04,08,09,48,4F,52,4E,45,54,35
15:44:12.580 -> -80, 02,01,06,07,16,09,18,D3,30,00,FE,04,16,0F,18,04,08,09,48,4F,52,4E,45,54,35
15:44:12.626 -> -80, 02,01,06,07,16,09,18,D3,30,00,FE,04,16,0F,18,04,08,09,48,4F,52,4E,45,54,35
15:44:12.626 -> -80, 02,01,06,07,16,09,18,D3,30,00,FE,04,16,0F,18,04,08,09,48,4F,52,4E,45,54,35
15:44:12.626 -> -80, 02,01,06,07,16,09,18,D3,30,00,FE,04,16,0F,18,04,08,09,48,4F,52,4E,45,54,35
15:44:12.626 -> -80, 02,01,06,07,16,09,18,D3,30,00,FE,04,16,0F,18,04,08,09,48,4F,52,4E,45,54,35
15:44:12.626 -> -80, 02,01,06,07,16,09,18,D3,30,00,FE,04,16,0F,18,04,08,09,48,4F,52,4E,45,54,35
15:44:12.672 -> -80, 02,01,06,07,16,09,18,D3,30,00,FE,04,16,0F,18,04,08,09,48,4F,52,4E,45,54,35
15:44:12.672 -> -80, 02,01,06,07,16,09,18,D3,30,00,FE,04,16,0F,18,04,08,09,48,4F,52,4E,45,54,35
15:44:12.672 -> -80, 02,01,06,07,16,09,18,D3,30,00,FE,04,16,0F,18,04,08,09,48,4F,52,4E,45,54,35
15:44:12.719 -> -80, 02,01,06,07,16,09,18,D3,30,00,FE,04,16,0F,18,04,08,09,48,4F,52,4E,45,54,35
15:44:12.719 -> -80, 02,01,06,07,16,09,18,D3,30,00,FE,04,16,0F,18,04,08,09,48,4F,52,4E,45,54,35
15:44:12.766 -> -80, 02,01,06,07,16,09,18,D3,30,00,FE,04,16,0F,18,04,08,09,48,4F,52,4E,45,54,35
15:44:12.766 -> -80, 02,01,06,07,16,09,18,D3,30,00,FE,04,16,0F,18,04,08,09,48,4F,52,4E,45,54,35
15:44:12.766 -> -80, 02,01,06,07,16,09,18,D3,30,00,FE,04,16,0F,18,04,08,09,48,4F,52,4E,45,54,35
15:44:12.766 -> -80, 02,01,06,07,16,09,18,D3,30,00,FE,04,16,0F,18,04,08,09,48,4F,52,4E,45,54,35
15:44:12.813 -> -80, 02,01,06,07,16,09,18,D3,30,00,FE,04,16,0F,18,04,08,09,48,4F,52,4E,45,54,35
15:44:12.813 -> -80, 02,01,06,07,16,09,18,D3,30,00,FE,04,16,0F,18,04,08,09,48,4F,52,4E,45,54,35
15:44:12.813 -> -80, 02,01,06,07,16,09,18,D3,30,00,FE,04,16,0F,18,04,08,09,48,4F,52,4E,45,54,35
15:44:12.860 -> -80, 02,01,06,07,16,09,18,D3,30,00,FE,04,16,0F,18,04,08,09,48,4F,52,4E,45,54,35
15:44:12.860 -> -80, 02,01,06,07,16,09,18,D3,30,00,FE,04,16,0F,18,04,08,09,48,4F,52,4E,45,54,35
15:44:12.860 -> -80, 02,01,06,07,16,09,18,D3,30,00,FE,04,16,0F,18,04,08,09,48,4F,52,4E,45,54,35
15:44:12.860 -> -80, 02,01,06,07,16,09,18,D3,30,00,FE,04,16,0F,18,04,08,09,48,4F,52,4E,45,54,35
15:44:12.907 -> -79, 02,01,06,07,16,09,18,D3,30,00,FE,04,16,0F,18,04,08,09,48,4F,52,4E,45,54,35
15:44:12.907 -> -80, 02,01,06,07,16,09,18,D3,30,00,FE,04,16,0F,18,04,08,09,48,4F,52,4E,45,54,35
15:44:12.907 -> -80, 02,01,06,07,16,09,18,D3,30,00,FE,04,16,0F,18,04,08,09,48,4F,52,4E,45,54,35
15:44:12.953 -> -80, 02,01,06,07,16,09,18,D3,30,00,FE,04,16,0F,18,04,08,09,48,4F,52,4E,45,54,35
15:44:12.953 -> -80, 02,01,06,07,16,09,18,D3,30,00,FE,04,16,0F,18,04,08,09,48,4F,52,4E,45,54,35
15:44:12.953 -> -80, 02,01,06,07,16,09,18,D3,30,00,FE,04,16,0F,18,04,08,09,48,4F,52,4E,45,54,35
15:44:12.953 -> -79, 02,01,06,07,16,09,18,D3,30,00,FE,04,16,0F,18,04,08,09,48,4F,52,4E,45,54,35
15:44:13.000 -> -79, 02,01,06,07,16,09,18,D3,30,00,FE,04,16,0F,18,04,08,09,48,4F,52,4E,45,54,35
15:44:13.000 -> -78, 02,01,06,07,16,09,18,D3,30,00,FE,04,16,0F,18,04,08,09,48,4F,52,4E,45,54,35
15:44:13.094 -> -79, 02,01,06,07,16,09,18,D3,30,00,FE,04,16,0F,18,04,08,09,48,4F,52,4E,45,54,35
15:44:13.094 -> -77, 02,01,06,07,16,09,18,D3,30,00,FE,04,16,0F,18,04,08,09,48,4F,52,4E,45,54,35
15:44:13.142 -> -79, 02,01,06,07,16,09,18,D3,30,00,FE,04,16,0F,18,04,08,09,48,4F,52,4E,45,54,35
15:44:13.142 -> -78, 02,01,06,07,16,09,18,D3,30,00,FE,04,16,0F,18,04,08,09,48,4F,52,4E,45,54,35
15:44:13.142 -> -79, 02,01,06,07,16,09,18,D3,30,00,FE,04,16,0F,18,04,08,09,48,4F,52,4E,45,54,35
15:44:13.187 -> -78, 02,01,06,07,16,09,18,D3,30,00,FE,04,16,0F,18,04,08,09,48,4F,52,4E,45,54,35
15:44:13.187 -> -79, 02,01,06,07,16,09,18,D3,30,00,FE,04,16,0F,18,04,08,09,48,4F,52,4E,45,54,35
15:44:13.187 -> -78, 02,01,06,07,16,09,18,D3,30,00,FE,04,16,0F,18,04,08,09,48,4F,52,4E,45,54,35
15:44:13.234 -> -79, 02,01,06,07,16,09,18,D3,30,00,FE,04,16,0F,18,04,08,09,48,4F,52,4E,45,54,35
15:44:13.281 -> -79, 02,01,06,07,16,09,18,D3,30,00,FE,04,16,0F,18,04,08,09,48,4F,52,4E,45,54,35
15:44:13.281 -> -79, 02,01,06,07,16,09,18,D3,30,00,FE,04,16,0F,18,04,08,09,48,4F,52,4E,45,54,35
15:44:13.328 -> -78, 02,01,06,07,16,09,18,D3,30,00,FE,04,16,0F,18,04,08,09,48,4F,52,4E,45,54,35
15:44:13.374 -> -79, 02,01,06,07,16,09,18,D3,30,00,FE,04,16,0F,18,04,08,09,48,4F,52,4E,45,54,35
15:44:13.374 -> -78, 02,01,06,07,16,09,18,D3,30,00,FE,04,16,0F,18,04,08,09,48,4F,52,4E,45,54,35
15:44:13.421 -> -77, 02,01,06,07,16,09,18,D3,30,00,FE,04,16,0F,18,04,08,09,48,4F,52,4E,45,54,35
15:44:13.468 -> -78, 02,01,06,07,16,09,18,D3,30,00,FE,04,16,0F,18,04,08,09,48,4F,52,4E,45,54,35
15:44:13.468 -> -78, 02,01,06,07,16,09,18,D3,30,00,FE,04,16,0F,18,04,08,09,48,4F,52,4E,45,54,35
15:44:13.515 -> -77, 02,01,06,07,16,09,18,D3,30,00,FE,04,16,0F,18,04,08,09,48,4F,52,4E,45,54,35
15:44:13.655 -> -77, 02,01,06,07,16,09,18,D3,30,00,FE,04,16,0F,18,04,08,09,48,4F,52,4E,45,54,35
15:44:13.703 -> -77, 02,01,06,07,16,09,18,D3,30,00,FE,04,16,0F,18,04,08,09,48,4F,52,4E,45,54,35
15:44:13.751 -> -77, 02,01,06,07,16,09,18,D3,30,00,FE,04,16,0F,18,04,08,09,48,4F,52,4E,45,54,35
15:44:13.751 -> -77, 02,01,06,07,16,09,18,D3,30,00,FE,04,16,0F,18,04,08,09,48,4F,52,4E,45,54,35
15:44:13.843 -> -76, 02,01,06,07,16,09,18,D3,30,00,FE,04,16,0F,18,04,08,09,48,4F,52,4E,45,54,35
15:44:13.890 -> -76, 02,01,06,07,16,09,18,D3,30,00,FE,04,16,0F,18,04,08,09,48,4F,52,4E,45,54,35
15:44:13.890 -> -76, 02,01,06,07,16,09,18,D3,30,00,FE,04,16,0F,18,04,08,09,48,4F,52,4E,45,54,35
15:44:13.936 -> -76, 02,01,06,07,16,09,18,D3,30,00,FE,04,16,0F,18,04,08,09,48,4F,52,4E,45,54,35
15:44:13.983 -> -77, 02,01,06,07,16,09,18,D3,30,00,FE,04,16,0F,18,04,08,09,48,4F,52,4E,45,54,35
15:44:13.983 -> -76, 02,01,06,07,16,09,18,D3,30,00,FE,04,16,0F,18,04,08,09,48,4F,52,4E,45,54,35
15:44:13.983 -> -80, 02,01,06,07,16,09,18,D3,30,00,FE,04,16,0F,18,04,08,09,48,4F,52,4E,45,54,35
15:44:14.029 -> -80, 02,01,06,07,16,09,18,D3,30,00,FE,04,16,0F,18,04,08,09,48,4F,52,4E,45,54,35
15:44:14.029 -> -81, 02,01,06,07,16,09,18,D3,30,00,FE,04,16,0F,18,04,08,09,48,4F,52,4E,45,54,35
15:44:14.029 -> -80, 02,01,06,07,16,09,18,D3,30,00,FE,04,16,0F,18,04,08,09,48,4F,52,4E,45,54,35
15:44:14.077 -> -80, 02,01,06,07,16,09,18,D3,30,00,FE,04,16,0F,18,04,08,09,48,4F,52,4E,45,54,35
15:44:14.077 -> -80, 02,01,06,07,16,09,18,D3,30,00,FE,04,16,0F,18,04,08,09,48,4F,52,4E,45,54,35
15:44:14.077 -> -79, 02,01,06,07,16,09,18,D3,30,00,FE,04,16,0F,18,04,08,09,48,4F,52,4E,45,54,35
15:44:14.077 -> -80, 02,01,06,07,16,09,18,D3,30,00,FE,04,16,0F,18,04,08,09,48,4F,52,4E,45,54,35
15:44:14.124 -> -80, 02,01,06,07,16,09,18,D3,30,00,FE,04,16,0F,18,04,08,09,48,4F,52,4E,45,54,35
15:44:14.124 -> -80, 02,01,06,07,16,09,18,D3,30,00,FE,04,16,0F,18,04,08,09,48,4F,52,4E,45,54,35
15:44:14.124 -> -80, 02,01,06,07,16,09,18,D3,30,00,FE,04,16,0F,18,04,08,09,48,4F,52,4E,45,54,35
15:44:14.171 -> -80, 02,01,06,07,16,09,18,D3,30,00,FE,04,16,0F,18,04,08,09,48,4F,52,4E,45,54,35
15:44:14.171 -> -80, 02,01,06,07,16,09,18,D3,30,00,FE,04,16,0F,18,04,08,09,48,4F,52,4E,45,54,35
15:44:14.171 -> -80, 02,01,06,07,16,09,18,D3,30,00,FE,04,16,0F,18,04,08,09,48,4F,52,4E,45,54,35
15:44:14.171 -> -80, 02,01,06,07,16,09,18,D3,30,00,FE,04,16,0F,18,04,08,09,48,4F,52,4E,45,54,35
15:44:14.218 -> -79, 02,01,06,07,16,09,18,D3,30,00,FE,04,16,0F,18,04,08,09,48,4F,52,4E,45,54,35
15:44:14.218 -> -80, 02,01,06,07,16,09,18,D3,30,00,FE,04,16,0F,18,04,08,09,48,4F,52,4E,45,54,35
15:44:14.218 -> -80, 02,01,06,07,16,09,18,D3,30,00,FE,04,16,0F,18,04,08,09,48,4F,52,4E,45,54,35
15:44:14.218 -> -80, 02,01,06,07,16,09,18,D3,30,00,FE,04,16,0F,18,04,08,09,48,4F,52,4E,45,54,35
15:44:14.265 -> -79, 02,01,06,07,16,09,18,D3,30,00,FE,04,16,0F,18,04,08,09,48,4F,52,4E,45,54,35
15:44:14.265 -> -80, 02,01,06,07,16,09,18,D3,30,00,FE,04,16,0F,18,04,08,09,48,4F,52,4E,45,54,35
15:44:14.265 -> -79, 02,01,06,07,16,09,18,D3,30,00,FE,04,16,0F,18,04,08,09,48,4F,52,4E,45,54,35
15:44:14.265 -> -79, 02,01,06,07,16,09,18,D3,30,00,FE,04,16,0F,18,04,08,09,48,4F,52,4E,45,54,35
15:44:14.313 -> -79, 02,01,06,07,16,09,18,D3,30,00,FE,04,16,0F,18,04,08,09,48,4F,52,4E,45,54,35
15:44:14.313 -> -80, 02,01,06,07,16,09,18,D3,30,00,FE,04,16,0F,18,04,08,09,48,4F,52,4E,45,54,35
15:44:14.313 -> -80, 02,01,06,07,16,09,18,D3,30,00,FE,04,16,0F,18,04,08,09,48,4F,52,4E,45,54,35
15:44:14.313 -> -80, 02,01,06,07,16,09,18,D3,30,00,FE,04,16,0F,18,04,08,09,48,4F,52,4E,45,54,35
15:44:14.360 -> -80, 02,01,06,07,16,09,18,D3,30,00,FE,04,16,0F,18,04,08,09,48,4F,52,4E,45,54,35
15:44:14.360 -> -80, 02,01,06,07,16,09,18,D3,30,00,FE,04,16,0F,18,04,08,09,48,4F,52,4E,45,54,35
15:44:14.360 -> -80, 02,01,06,07,16,09,18,D3,30,00,FE,04,16,0F,18,04,08,09,48,4F,52,4E,45,54,35
15:44:14.409 -> -80, 02,01,06,07,16,09,18,D3,30,00,FE,04,16,0F,18,04,08,09,48,4F,52,4E,45,54,35
15:44:14.409 -> -80, 02,01,06,07,16,09,18,D3,30,00,FE,04,16,0F,18,04,08,09,48,4F,52,4E,45,54,35
15:44:14.409 -> -80, 02,01,06,07,16,09,18,D3,30,00,FE,04,16,0F,18,04,08,09,48,4F,52,4E,45,54,35
15:44:14.409 -> -80, 02,01,06,07,16,09,18,D3,30,00,FE,04,16,0F,18,04,08,09,48,4F,52,4E,45,54,35
15:44:14.455 -> -80, 02,01,06,07,16,09,18,D3,30,00,FE,04,16,0F,18,04,08,09,48,4F,52,4E,45,54,35
15:44:14.455 -> -80, 02,01,06,07,16,09,18,D3,30,00,FE,04,16,0F,18,04,08,09,48,4F,52,4E,45,54,35
15:44:14.501 -> -80, 02,01,06,07,16,09,18,D3,30,00,FE,04,16,0F,18,04,08,09,48,4F,52,4E,45,54,35
15:44:14.501 -> -80, 02,01,06,07,16,09,18,D3,30,00,FE,04,16,0F,18,04,08,09,48,4F,52,4E,45,54,35
15:44:14.501 -> -79, 02,01,06,07,16,09,18,D3,30,00,FE,04,16,0F,18,04,08,09,48,4F,52,4E,45,54,35
15:44:14.549 -> -79, 02,01,06,07,16,09,18,D3,30,00,FE,04,16,0F,18,04,08,09,48,4F,52,4E,45,54,35
15:44:14.642 -> -80, 02,01,06,07,16,09,18,D3,30,00,FE,04,16,0F,18,04,08,09,48,4F,52,4E,45,54,35
15:44:14.784 -> -79, 02,01,06,07,16,09,18,D3,30,00,FE,04,16,0F,18,04,08,09,48,4F,52,4E,45,54,35
15:44:14.784 -> -79, 02,01,06,07,16,09,18,D3,30,00,FE,04,16,0F,18,04,08,09,48,4F,52,4E,45,54,35
15:44:14.831 -> -79, 02,01,06,07,16,09,18,D3,30,00,FE,04,16,0F,18,04,08,09,48,4F,52,4E,45,54,35
15:44:14.831 -> -78, 02,01,06,07,16,09,18,D3,30,00,FE,04,16,0F,18,04,08,09,48,4F,52,4E,45,54,35
15:44:14.878 -> -79, 02,01,06,07,16,09,18,D3,30,00,FE,04,16,0F,18,04,08,09,48,4F,52,4E,45,54,35
15:44:14.878 -> -80, 02,01,06,07,16,09,18,D3,30,00,FE,04,16,0F,18,04,08,09,48,4F,52,4E,45,54,35
15:44:14.924 -> -78, 02,01,06,07,16,09,18,D3,30,00,FE,04,16,0F,18,04,08,09,48,4F,52,4E,45,54,35
15:44:15.017 -> -76, 02,01,06,07,16,09,18,D3,30,00,FE,04,16,0F,18,04,08,09,48,4F,52,4E,45,54,35
15:44:15.017 -> -76, 02,01,06,07,16,09,18,D3,30,00,FE,04,16,0F,18,04,08,09,48,4F,52,4E,45,54,35
15:44:15.017 -> -76, 02,01,06,07,16,09,18,D3,30,00,FE,04,16,0F,18,04,08,09,48,4F,52,4E,45,54,35
15:44:15.064 -> -75, 02,01,06,07,16,09,18,D3,30,00,FE,04,16,0F,18,04,08,09,48,4F,52,4E,45,54,35
15:44:15.111 -> -76, 02,01,06,07,16,09,18,D3,30,00,FE,04,16,0F,18,04,08,09,48,4F,52,4E,45,54,35
15:44:15.111 -> -76, 02,01,06,07,16,09,18,D3,30,00,FE,04,16,0F,18,04,08,09,48,4F,52,4E,45,54,35
15:44:15.111 -> -76, 02,01,06,07,16,09,18,D3,30,00,FE,04,16,0F,18,04,08,09,48,4F,52,4E,45,54,35
15:44:15.158 -> -75, 02,01,06,07,16,09,18,D3,30,00,FE,04,16,0F,18,04,08,09,48,4F,52,4E,45,54,35
15:44:15.158 -> -76, 02,01,06,07,16,09,18,D3,30,00,FE,04,16,0F,18,04,08,09,48,4F,52,4E,45,54,35
15:44:15.205 -> -76, 02,01,06,07,16,09,18,D3,30,00,FE,04,16,0F,18,04,08,09,48,4F,52,4E,45,54,35
15:44:15.205 -> -75, 02,01,06,07,16,09,18,D3,30,00,FE,04,16,0F,18,04,08,09,48,4F,52,4E,45,54,35
15:44:15.253 -> -76, 02,01,06,07,16,09,18,D3,30,00,FE,04,16,0F,18,04,08,09,48,4F,52,4E,45,54,35
15:44:15.253 -> -76, 02,01,06,07,16,09,18,D3,30,00,FE,04,16,0F,18,04,08,09,48,4F,52,4E,45,54,35
15:44:15.253 -> -76, 02,01,06,07,16,09,18,D3,30,00,FE,04,16,0F,18,04,08,09,48,4F,52,4E,45,54,35
15:44:15.299 -> -76, 02,01,06,07,16,09,18,D3,30,00,FE,04,16,0F,18,04,08,09,48,4F,52,4E,45,54,35
15:44:15.299 -> -76, 02,01,06,07,16,09,18,D3,30,00,FE,04,16,0F,18,04,08,09,48,4F,52,4E,45,54,35
15:44:15.347 -> -76, 02,01,06,07,16,09,18,D3,30,00,FE,04,16,0F,18,04,08,09,48,4F,52,4E,45,54,35
15:44:15.394 -> -76, 02,01,06,07,16,09,18,D3,30,00,FE,04,16,0F,18,04,08,09,48,4F,52,4E,45,54,35
15:44:15.394 -> -76, 02,01,06,07,16,09,18,D3,30,00,FE,04,16,0F,18,04,08,09,48,4F,52,4E,45,54,35
15:44:15.394 -> -76, 02,01,06,07,16,09,18,D3,30,00,FE,04,16,0F,18,04,08,09,48,4F,52,4E,45,54,35
15:44:15.440 -> -76, 02,01,06,07,16,09,18,D3,30,00,FE,04,16,0F,18,04,08,09,48,4F,52,4E,45,54,35
15:44:15.487 -> -76, 02,01,06,07,16,09,18,D3,30,00,FE,04,16,0F,18,04,08,09,48,4F,52,4E,45,54,35
15:44:15.487 -> -81, 02,01,06,07,16,09,18,D3,30,00,FE,04,16,0F,18,04,08,09,48,4F,52,4E,45,54,35
15:44:15.534 -> -81, 02,01,06,07,16,09,18,D3,30,00,FE,04,16,0F,18,04,08,09,48,4F,52,4E,45,54,35
15:44:15.534 -> -81, 02,01,06,07,16,09,18,D3,30,00,FE,04,16,0F,18,04,08,09,48,4F,52,4E,45,54,35
15:44:15.580 -> -82, 02,01,06,07,16,09,18,D3,30,00,FE,04,16,0F,18,04,08,09,48,4F,52,4E,45,54,35
15:44:15.580 -> -82, 02,01,06,07,16,09,18,D3,30,00,FE,04,16,0F,18,04,08,09,48,4F,52,4E,45,54,35
15:44:15.580 -> -81, 02,01,06,07,16,09,18,D3,30,00,FE,04,16,0F,18,04,08,09,48,4F,52,4E,45,54,35
15:44:15.626 -> -81, 02,01,06,07,16,09,18,D3,30,00,FE,04,16,0F,18,04,08,09,48,4F,52,4E,45,54,35
15:44:15.626 -> -81, 02,01,06,07,16,09,18,D3,30,00,FE,04,16,0F,18,04,08,09,48,4F,52,4E,45,54,35
15:44:15.626 -> -81, 02,01,06,07,16,09,18,D3,30,00,FE,04,16,0F,18,04,08,09,48,4F,52,4E,45,54,35
15:44:15.673 -> -82, 02,01,06,07,16,09,18,D3,30,00,FE,04,16,0F,18,04,08,09,48,4F,52,4E,45,54,35
15:44:15.673 -> -81, 02,01,06,07,16,09,18,D3,30,00,FE,04,16,0F,18,04,08,09,48,4F,52,4E,45,54,35
15:44:15.767 -> -81, 02,01,06,07,16,09,18,D3,30,00,FE,04,16,0F,18,04,08,09,48,4F,52,4E,45,54,35
15:44:15.767 -> -81, 02,01,06,07,16,09,18,D3,30,00,FE,04,16,0F,18,04,08,09,48,4F,52,4E,45,54,35
15:44:15.767 -> -81, 02,01,06,07,16,09,18,D3,30,00,FE,04,16,0F,18,04,08,09,48,4F,52,4E,45,54,35
15:44:15.813 -> -81, 02,01,06,07,16,09,18,D3,30,00,FE,04,16,0F,18,04,08,09,48,4F,52,4E,45,54,35
15:44:15.813 -> -81, 02,01,06,07,16,09,18,D3,30,00,FE,04,16,0F,18,04,08,09,48,4F,52,4E,45,54,35
15:44:15.813 -> -82, 02,01,06,07,16,09,18,D3,30,00,FE,04,16,0F,18,04,08,09,48,4F,52,4E,45,54,35
15:44:15.859 -> -81, 02,01,06,07,16,09,18,D3,30,00,FE,04,16,0F,18,04,08,09,48,4F,52,4E,45,54,35
15:44:15.859 -> -81, 02,01,06,07,16,09,18,D3,30,00,FE,04,16,0F,18,04,08,09,48,4F,52,4E,45,54,35
15:44:15.859 -> -81, 02,01,06,07,16,09,18,D3,30,00,FE,04,16,0F,18,04,08,09,48,4F,52,4E,45,54,35
15:44:15.906 -> -81, 02,01,06,07,16,09,18,D3,30,00,FE,04,16,0F,18,04,08,09,48,4F,52,4E,45,54,35
15:44:15.906 -> -81, 02,01,06,07,16,09,18,D3,30,00,FE,04,16,0F,18,04,08,09,48,4F,52,4E,45,54,35
15:44:15.906 -> -81, 02,01,06,07,16,09,18,D3,30,00,FE,04,16,0F,18,04,08,09,48,4F,52,4E,45,54,35
15:44:15.906 -> -80, 02,01,06,07,16,09,18,D3,30,00,FE,04,16,0F,18,04,08,09,48,4F,52,4E,45,54,35
15:44:15.953 -> -81, 02,01,06,07,16,09,18,D3,30,00,FE,04,16,0F,18,04,08,09,48,4F,52,4E,45,54,35
15:44:15.953 -> -81, 02,01,06,07,16,09,18,D3,30,00,FE,04,16,0F,18,04,08,09,48,4F,52,4E,45,54,35
15:44:15.953 -> -80, 02,01,06,07,16,09,18,D3,30,00,FE,04,16,0F,18,04,08,09,48,4F,52,4E,45,54,35
15:44:15.953 -> -81, 02,01,06,07,16,09,18,D3,30,00,FE,04,16,0F,18,04,08,09,48,4F,52,4E,45,54,35
15:44:16.000 -> -81, 02,01,06,07,16,09,18,D3,30,00,FE,04,16,0F,18,04,08,09,48,4F,52,4E,45,54,35
15:44:16.000 -> -80, 02,01,06,07,16,09,18,D3,30,00,FE,04,16,0F,18,04,08,09,48,4F,52,4E,45,54,35
15:44:16.048 -> -81, 02,01,06,07,16,09,18,D3,30,00,FE,04,16,0F,18,04,08,09,48,4F,52,4E,45,54,35
15:44:16.048 -> -80, 02,01,06,07,16,09,18,D3,30,00,FE,04,16,0F,18,04,08,09,48,4F,52,4E,45,54,35
15:44:16.096 -> -80, 02,01,06,07,16,09,18,D3,30,00,FE,04,16,0F,18,04,08,09,48,4F,52,4E,45,54,35
15:44:16.189 -> -80, 02,01,06,07,16,09,18,D3,30,00,FE,04,16,0F,18,04,08,09,48,4F,52,4E,45,54,35
15:44:16.189 -> -80, 02,01,06,07,16,09,18,D3,30,00,FE,04,16,0F,18,04,08,09,48,4F,52,4E,45,54,35
15:44:16.424 -> -81, 02,01,06,07,16,09,18,D3,30,00,FE,04,16,0F,18,04,08,09,48,4F,52,4E,45,54,35
15:44:16.424 -> -80, 02,01,06,07,16,09,18,D3,30,00,FE,04,16,0F,18,04,08,09,48,4F,52,4E,45,54,35
15:44:16.563 -> -75, 02,01,06,07,16,09,18,D3,30,00,FE,04,16,0F,18,04,08,09,48,4F,52,4E,45,54,35
15:44:16.563 -> -76, 02,01,06,07,16,09,18,D3,30,00,FE,04,16,0F,18,04,08,09,48,4F,52,4E,45,54,35
15:44:16.611 -> -76, 02,01,06,07,16,09,18,D3,30,00,FE,04,16,0F,18,04,08,09,48,4F,52,4E,45,54,35
15:44:16.657 -> -76, 02,01,06,07,16,09,18,D3,30,00,FE,04,16,0F,18,04,08,09,48,4F,52,4E,45,54,35
15:44:16.657 -> -76, 02,01,06,07,16,09,18,D3,30,00,FE,04,16,0F,18,04,08,09,48,4F,52,4E,45,54,35
15:44:16.657 -> -76, 02,01,06,07,16,09,18,D3,30,00,FE,04,16,0F,18,04,08,09,48,4F,52,4E,45,54,35
15:44:16.704 -> -76, 02,01,06,07,16,09,18,D3,30,00,FE,04,16,0F,18,04,08,09,48,4F,52,4E,45,54,35
15:44:16.704 -> -76, 02,01,06,07,16,09,18,D3,30,00,FE,04,16,0F,18,04,08,09,48,4F,52,4E,45,54,35
15:44:16.751 -> -76, 02,01,06,07,16,09,18,D3,30,00,FE,04,16,0F,18,04,08,09,48,4F,52,4E,45,54,35
15:44:16.751 -> -76, 02,01,06,07,16,09,18,D3,30,00,FE,04,16,0F,18,04,08,09,48,4F,52,4E,45,54,35
15:44:16.751 -> -76, 02,01,06,07,16,09,18,D3,30,00,FE,04,16,0F,18,04,08,09,48,4F,52,4E,45,54,35
15:44:16.751 -> -76, 02,01,06,07,16,09,18,D3,30,00,FE,04,16,0F,18,04,08,09,48,4F,52,4E,45,54,35
15:44:16.798 -> -76, 02,01,06,07,16,09,18,D3,30,00,FE,04,16,0F,18,04,08,09,48,4F,52,4E,45,54,35
15:44:16.798 -> -76, 02,01,06,07,16,09,18,D3,30,00,FE,04,16,0F,18,04,08,09,48,4F,52,4E,45,54,35
15:44:16.798 -> -76, 02,01,06,07,16,09,18,D3,30,00,FE,04,16,0F,18,04,08,09,48,4F,52,4E,45,54,35
15:44:16.844 -> -76, 02,01,06,07,16,09,18,D3,30,00,FE,04,16,0F,18,04,08,09,48,4F,52,4E,45,54,35
15:44:16.844 -> -76, 02,01,06,07,16,09,18,D3,30,00,FE,04,16,0F,18,04,08,09,48,4F,52,4E,45,54,35
15:44:16.844 -> -76, 02,01,06,07,16,09,18,D3,30,00,FE,04,16,0F,18,04,08,09,48,4F,52,4E,45,54,35
15:44:16.891 -> -76, 02,01,06,07,16,09,18,D3,30,00,FE,04,16,0F,18,04,08,09,48,4F,52,4E,45,54,35
15:44:16.939 -> -76, 02,01,06,07,16,09,18,D3,30,00,FE,04,16,0F,18,04,08,09,48,4F,52,4E,45,54,35
15:44:16.939 -> -76, 02,01,06,07,16,09,18,D3,30,00,FE,04,16,0F,18,04,08,09,48,4F,52,4E,45,54,35
15:44:16.984 -> -77, 02,01,06,07,16,09,18,D3,30,00,FE,04,16,0F,18,04,08,09,48,4F,52,4E,45,54,35
15:44:16.984 -> -76, 02,01,06,07,16,09,18,D3,30,00,FE,04,16,0F,18,04,08,09,48,4F,52,4E,45,54,35
15:44:16.984 -> -80, 02,01,06,07,16,09,18,D3,30,00,FE,04,16,0F,18,04,08,09,48,4F,52,4E,45,54,35
15:44:17.030 -> -80, 02,01,06,07,16,09,18,D3,30,00,FE,04,16,0F,18,04,08,09,48,4F,52,4E,45,54,35
15:44:17.030 -> -80, 02,01,06,07,16,09,18,D3,30,00,FE,04,16,0F,18,04,08,09,48,4F,52,4E,45,54,35
15:44:17.076 -> -80, 02,01,06,07,16,09,18,D3,30,00,FE,04,16,0F,18,04,08,09,48,4F,52,4E,45,54,35
15:44:17.076 -> -80, 02,01,06,07,16,09,18,D3,30,00,FE,04,16,0F,18,04,08,09,48,4F,52,4E,45,54,35
15:44:17.076 -> -81, 02,01,06,07,16,09,18,D3,30,00,FE,04,16,0F,18,04,08,09,48,4F,52,4E,45,54,35
15:44:17.076 -> -80, 02,01,06,07,16,09,18,D3,30,00,FE,04,16,0F,18,04,08,09,48,4F,52,4E,45,54,35
15:44:17.124 -> -80, 02,01,06,07,16,09,18,D3,30,00,FE,04,16,0F,18,04,08,09,48,4F,52,4E,45,54,35
15:44:17.124 -> -80, 02,01,06,07,16,09,18,D3,30,00,FE,04,16,0F,18,04,08,09,48,4F,52,4E,45,54,35
15:44:17.124 -> -80, 02,01,06,07,16,09,18,D3,30,00,FE,04,16,0F,18,04,08,09,48,4F,52,4E,45,54,35
15:44:17.124 -> -80, 02,01,06,07,16,09,18,D3,30,00,FE,04,16,0F,18,04,08,09,48,4F,52,4E,45,54,35
15:44:17.170 -> -80, 02,01,06,07,16,09,18,D3,30,00,FE,04,16,0F,18,04,08,09,48,4F,52,4E,45,54,35
15:44:17.170 -> -79, 02,01,06,07,16,09,18,D3,30,00,FE,04,16,0F,18,04,08,09,48,4F,52,4E,45,54,35
15:44:17.170 -> -80, 02,01,06,07,16,09,18,D3,30,00,FE,04,16,0F,18,04,08,09,48,4F,52,4E,45,54,35
15:44:17.217 -> -80, 02,01,06,07,16,09,18,D3,30,00,FE,04,16,0F,18,04,08,09,48,4F,52,4E,45,54,35
15:44:17.217 -> -80, 02,01,06,07,16,09,18,D3,30,00,FE,04,16,0F,18,04,08,09,48,4F,52,4E,45,54,35
15:44:17.217 -> -80, 02,01,06,07,16,09,18,D3,30,00,FE,04,16,0F,18,04,08,09,48,4F,52,4E,45,54,35
15:44:17.264 -> -80, 02,01,06,07,16,09,18,D3,30,00,FE,04,16,0F,18,04,08,09,48,4F,52,4E,45,54,35
15:44:17.264 -> -80, 02,01,06,07,16,09,18,D3,30,00,FE,04,16,0F,18,04,08,09,48,4F,52,4E,45,54,35
15:44:17.264 -> -80, 02,01,06,07,16,09,18,D3,30,00,FE,04,16,0F,18,04,08,09,48,4F,52,4E,45,54,35
15:44:17.264 -> -80, 02,01,06,07,16,09,18,D3,30,00,FE,04,16,0F,18,04,08,09,48,4F,52,4E,45,54,35
15:44:17.311 -> -80, 02,01,06,07,16,09,18,D3,30,00,FE,04,16,0F,18,04,08,09,48,4F,52,4E,45,54,35
15:44:17.311 -> -79, 02,01,06,07,16,09,18,D3,30,00,FE,04,16,0F,18,04,08,09,48,4F,52,4E,45,54,35
15:44:17.311 -> -80, 02,01,06,07,16,09,18,D3,30,00,FE,04,16,0F,18,04,08,09,48,4F,52,4E,45,54,35
15:44:17.311 -> -80, 02,01,06,07,16,09,18,D3,30,00,FE,04,16,0F,18,04,08,09,48,4F,52,4E,45,54,35
15:44:17.358 -> -80, 02,01,06,07,16,09,18,D3,30,00,FE,04,16,0F,18,04,08,09,48,4F,52,4E,45,54,35
15:44:17.358 -> -80, 02,01,06,07,16,09,18,D3,30,00,FE,04,16,0F,18,04,08,09,48,4F,52,4E,45,54,35
15:44:17.358 -> -80, 02,01,06,07,16,09,18,D3,30,00,FE,04,16,0F,18,04,08,09,48,4F,52,4E,45,54,35
15:44:17.358 -> -80, 02,01,06,07,16,09,18,D3,30,00,FE,04,16,0F,18,04,08,09,48,4F,52,4E,45,54,35
15:44:17.405 -> -80, 02,01,06,07,16,09,18,D3,30,00,FE,04,16,0F,18,04,08,09,48,4F,52,4E,45,54,35
15:44:17.405 -> -80, 02,01,06,07,16,09,18,D3,30,00,FE,04,16,0F,18,04,08,09,48,4F,52,4E,45,54,35
15:44:17.405 -> -80, 02,01,06,07,16,09,18,D3,30,00,FE,04,16,0F,18,04,08,09,48,4F,52,4E,45,54,35
15:44:17.453 -> -80, 02,01,06,07,16,09,18,D3,30,00,FE,04,16,0F,18,04,08,09,48,4F,52,4E,45,54,35
15:44:17.453 -> -80, 02,01,06,07,16,09,18,D3,30,00,FE,04,16,0F,18,04,08,09,48,4F,52,4E,45,54,35
15:44:17.453 -> -80, 02,01,06,07,16,09,18,D3,30,00,FE,04,16,0F,18,04,08,09,48,4F,52,4E,45,54,35
15:44:17.500 -> -80, 02,01,06,07,16,09,18,D3,30,00,FE,04,16,0F,18,04,08,09,48,4F,52,4E,45,54,35
15:44:17.500 -> -79, 02,01,06,07,16,09,18,D3,30,00,FE,04,16,0F,18,04,08,09,48,4F,52,4E,45,54,35
15:44:17.500 -> -79, 02,01,06,07,16,09,18,D3,30,00,FE,04,16,0F,18,04,08,09,48,4F,52,4E,45,54,35
15:44:17.547 -> -79, 02,01,06,07,16,09,18,D3,30,00,FE,04,16,0F,18,04,08,09,48,4F,52,4E,45,54,35
15:44:17.547 -> -79, 02,01,06,07,16,09,18,D3,30,00,FE,04,16,0F,18,04,08,09,48,4F,52,4E,45,54,35
15:44:17.593 -> -79, 02,01,06,07,16,09,18,D3,30,00,FE,04,16,0F,18,04,08,09,48,4F,52,4E,45,54,35
15:44:17.686 -> -79, 02,01,06,07,16,09,18,D3,30,00,FE,04,16,0F,18,04,08,09,48,4F,52,4E,45,54,35
15:44:17.781 -> -79, 02,01,06,07,16,09,18,D3,30,00,FE,04,16,0F,18,04,08,09,48,4F,52,4E,45,54,35
15:44:17.781 -> -80, 02,01,06,07,16,09,18,D3,30,00,FE,04,16,0F,18,04,08,09,48,4F,52,4E,45,54,35
15:44:17.828 -> -79, 02,01,06,07,16,09,18,D3,30,00,FE,04,16,0F,18,04,08,09,48,4F,52,4E,45,54,35
15:44:17.875 -> -80, 02,01,06,07,16,09,18,D3,30,00,FE,04,16,0F,18,04,08,09,48,4F,52,4E,45,54,35
15:44:18.016 -> -79, 02,01,06,07,16,09,18,D3,30,00,FE,04,16,0F,18,04,08,09,48,4F,52,4E,45,54,35
15:44:18.016 -> -76, 02,01,06,07,16,09,18,D3,30,00,FE,04,16,0F,18,04,08,09,48,4F,52,4E,45,54,35
15:44:18.065 -> -76, 02,01,06,07,16,09,18,D3,30,00,FE,04,16,0F,18,04,08,09,48,4F,52,4E,45,54,35
15:44:18.065 -> -75, 02,01,06,07,16,09,18,D3,30,00,FE,04,16,0F,18,04,08,09,48,4F,52,4E,45,54,35
15:44:18.109 -> -76, 02,01,06,07,16,09,18,D3,30,00,FE,04,16,0F,18,04,08,09,48,4F,52,4E,45,54,35
15:44:18.109 -> -76, 02,01,06,07,16,09,18,D3,30,00,FE,04,16,0F,18,04,08,09,48,4F,52,4E,45,54,35
15:44:18.109 -> -76, 02,01,06,07,16,09,18,D3,30,00,FE,04,16,0F,18,04,08,09,48,4F,52,4E,45,54,35
15:44:18.154 -> -76, 02,01,06,07,16,09,18,D3,30,00,FE,04,16,0F,18,04,08,09,48,4F,52,4E,45,54,35
15:44:18.154 -> -75, 02,01,06,07,16,09,18,D3,30,00,FE,04,16,0F,18,04,08,09,48,4F,52,4E,45,54,35
15:44:18.200 -> -76, 02,01,06,07,16,09,18,D3,30,00,FE,04,16,0F,18,04,08,09,48,4F,52,4E,45,54,35
15:44:18.200 -> -76, 02,01,06,07,16,09,18,D3,30,00,FE,04,16,0F,18,04,08,09,48,4F,52,4E,45,54,35
15:44:18.246 -> -76, 02,01,06,07,16,09,18,D3,30,00,FE,04,16,0F,18,04,08,09,48,4F,52,4E,45,54,35
15:44:18.292 -> -75, 02,01,06,07,16,09,18,D3,30,00,FE,04,16,0F,18,04,08,09,48,4F,52,4E,45,54,35
15:44:18.338 -> -76, 02,01,06,07,16,09,18,D3,30,00,FE,04,16,0F,18,04,08,09,48,4F,52,4E,45,54,35
15:44:18.338 -> -76, 02,01,06,07,16,09,18,D3,30,00,FE,04,16,0F,18,04,08,09,48,4F,52,4E,45,54,35
15:44:18.432 -> -76, 02,01,06,07,16,09,18,D3,30,00,FE,04,16,0F,18,04,08,09,48,4F,52,4E,45,54,35
15:44:18.479 -> -76, 02,01,06,07,16,09,18,D3,30,00,FE,04,16,0F,18,04,08,09,48,4F,52,4E,45,54,35
15:44:18.527 -> -81, 02,01,06,07,16,09,18,D3,30,00,FE,04,16,0F,18,04,08,09,48,4F,52,4E,45,54,35
15:44:18.527 -> -81, 02,01,06,07,16,09,18,D3,30,00,FE,04,16,0F,18,04,08,09,48,4F,52,4E,45,54,35
15:44:18.527 -> -81, 02,01,06,07,16,09,18,D3,30,00,FE,04,16,0F,18,04,08,09,48,4F,52,4E,45,54,35
15:44:18.573 -> -81, 02,01,06,07,16,09,18,D3,30,00,FE,04,16,0F,18,04,08,09,48,4F,52,4E,45,54,35
15:44:18.619 -> -80, 02,01,06,07,16,09,18,D3,30,00,FE,04,16,0F,18,04,08,09,48,4F,52,4E,45,54,35
15:44:18.619 -> -81, 02,01,06,07,16,09,18,D3,30,00,FE,04,16,0F,18,04,08,09,48,4F,52,4E,45,54,35
15:44:18.619 -> -80, 02,01,06,07,16,09,18,D3,30,00,FE,04,16,0F,18,04,08,09,48,4F,52,4E,45,54,35
15:44:18.666 -> -81, 02,01,06,07,16,09,18,D3,30,00,FE,04,16,0F,18,04,08,09,48,4F,52,4E,45,54,35
15:44:18.666 -> -81, 02,01,06,07,16,09,18,D3,30,00,FE,04,16,0F,18,04,08,09,48,4F,52,4E,45,54,35
15:44:18.713 -> -80, 02,01,06,07,16,09,18,D3,30,00,FE,04,16,0F,18,04,08,09,48,4F,52,4E,45,54,35
15:44:18.713 -> -80, 02,01,06,07,16,09,18,D3,30,00,FE,04,16,0F,18,04,08,09,48,4F,52,4E,45,54,35
15:44:18.713 -> -80, 02,01,06,07,16,09,18,D3,30,00,FE,04,16,0F,18,04,08,09,48,4F,52,4E,45,54,35
15:44:18.759 -> -80, 02,01,06,07,16,09,18,D3,30,00,FE,04,16,0F,18,04,08,09,48,4F,52,4E,45,54,35
15:44:18.759 -> -81, 02,01,06,07,16,09,18,D3,30,00,FE,04,16,0F,18,04,08,09,48,4F,52,4E,45,54,35
15:44:18.759 -> -81, 02,01,06,07,16,09,18,D3,30,00,FE,04,16,0F,18,04,08,09,48,4F,52,4E,45,54,35
15:44:18.806 -> -80, 02,01,06,07,16,09,18,D3,30,00,FE,04,16,0F,18,04,08,09,48,4F,52,4E,45,54,35
15:44:18.806 -> -81, 02,01,06,07,16,09,18,D3,30,00,FE,04,16,0F,18,04,08,09,48,4F,52,4E,45,54,35
15:44:18.806 -> -80, 02,01,06,07,16,09,18,D3,30,00,FE,04,16,0F,18,04,08,09,48,4F,52,4E,45,54,35
15:44:18.851 -> -81, 02,01,06,07,16,09,18,D3,30,00,FE,04,16,0F,18,04,08,09,48,4F,52,4E,45,54,35
15:44:18.851 -> -80, 02,01,06,07,16,09,18,D3,30,00,FE,04,16,0F,18,04,08,09,48,4F,52,4E,45,54,35
15:44:18.898 -> -80, 02,01,06,07,16,09,18,D3,30,00,FE,04,16,0F,18,04,08,09,48,4F,52,4E,45,54,35
15:44:18.944 -> -80, 02,01,06,07,16,09,18,D3,30,00,FE,04,16,0F,18,04,08,09,48,4F,52,4E,45,54,35
15:44:18.944 -> -80, 02,01,06,07,16,09,18,D3,30,00,FE,04,16,0F,18,04,08,09,48,4F,52,4E,45,54,35
15:44:18.990 -> -81, 02,01,06,07,16,09,18,D3,30,00,FE,04,16,0F,18,04,08,09,48,4F,52,4E,45,54,35
15:44:19.038 -> -78, 02,01,06,07,16,09,18,D3,30,00,FE,04,16,0F,18,04,08,09,48,4F,52,4E,45,54,35
15:44:19.038 -> -78, 02,01,06,07,16,09,18,D3,30,00,FE,04,16,0F,18,04,08,09,48,4F,52,4E,45,54,35
15:44:19.038 -> -78, 02,01,06,07,16,09,18,D3,30,00,FE,04,16,0F,18,04,08,09,48,4F,52,4E,45,54,35
15:44:19.084 -> -79, 02,01,06,07,16,09,18,D3,30,00,FE,04,16,0F,18,04,08,09,48,4F,52,4E,45,54,35
15:44:19.084 -> -78, 02,01,06,07,16,09,18,D3,30,00,FE,04,16,0F,18,04,08,09,48,4F,52,4E,45,54,35
15:44:19.132 -> -78, 02,01,06,07,16,09,18,D3,30,00,FE,04,16,0F,18,04,08,09,48,4F,52,4E,45,54,35
15:44:19.132 -> -78, 02,01,06,07,16,09,18,D3,30,00,FE,04,16,0F,18,04,08,09,48,4F,52,4E,45,54,35
15:44:19.179 -> -77, 02,01,06,07,16,09,18,D3,30,00,FE,04,16,0F,18,04,08,09,48,4F,52,4E,45,54,35
15:44:19.226 -> -78, 02,01,06,07,16,09,18,D3,30,00,FE,04,16,0F,18,04,08,09,48,4F,52,4E,45,54,35
15:44:19.272 -> -77, 02,01,06,07,16,09,18,D3,30,00,FE,04,16,0F,18,04,08,09,48,4F,52,4E,45,54,35
15:44:19.319 -> -78, 02,01,06,07,16,09,18,D3,30,00,FE,04,16,0F,18,04,08,09,48,4F,52,4E,45,54,35
15:44:19.319 -> -78, 02,01,06,07,16,09,18,D3,30,00,FE,04,16,0F,18,04,08,09,48,4F,52,4E,45,54,35
15:44:19.365 -> -78, 02,01,06,07,16,09,18,D3,30,00,FE,04,16,0F,18,04,08,09,48,4F,52,4E,45,54,35
15:44:19.365 -> -78, 02,01,06,07,16,09,18,D3,30,00,FE,04,16,0F,18,04,08,09,48,4F,52,4E,45,54,35
15:44:19.365 -> -78, 02,01,06,07,16,09,18,D3,30,00,FE,04,16,0F,18,04,08,09,48,4F,52,4E,45,54,35
15:44:19.413 -> -78, 02,01,06,07,16,09,18,D3,30,00,FE,04,16,0F,18,04,08,09,48,4F,52,4E,45,54,35
15:44:19.460 -> -78, 02,01,06,07,16,09,18,D3,30,00,FE,04,16,0F,18,04,08,09,48,4F,52,4E,45,54,35
15:44:19.507 -> -75, 02,01,06,07,16,09,18,D3,30,00,FE,04,16,0F,18,04,08,09,48,4F,52,4E,45,54,35
15:44:19.554 -> -74, 02,01,06,07,16,09,18,D3,30,00,FE,04,16,0F,18,04,08,09,48,4F,52,4E,45,54,35
15:44:19.554 -> -74, 02,01,06,07,16,09,18,D3,30,00,FE,04,16,0F,18,04,08,09,48,4F,52,4E,45,54,35
15:44:19.554 -> -74, 02,01,06,07,16,09,18,D3,30,00,FE,04,16,0F,18,04,08,09,48,4F,52,4E,45,54,35
15:44:19.554 -> -75, 02,01,06,07,16,09,18,D3,30,00,FE,04,16,0F,18,04,08,09,48,4F,52,4E,45,54,35
15:44:19.601 -> -74, 02,01,06,07,16,09,18,D3,30,00,FE,04,16,0F,18,04,08,09,48,4F,52,4E,45,54,35
15:44:19.601 -> -74, 02,01,06,07,16,09,18,D3,30,00,FE,04,16,0F,18,04,08,09,48,4F,52,4E,45,54,35
15:44:19.650 -> -75, 02,01,06,07,16,09,18,D3,30,00,FE,04,16,0F,18,04,08,09,48,4F,52,4E,45,54,35
15:44:19.650 -> -75, 02,01,06,07,16,09,18,D3,30,00,FE,04,16,0F,18,04,08,09,48,4F,52,4E,45,54,35
15:44:19.734 -> -75, 02,01,06,07,16,09,18,D3,30,00,FE,04,16,0F,18,04,08,09,48,4F,52,4E,45,54,35
15:44:19.734 -> -75, 02,01,06,07,16,09,18,D3,30,00,FE,04,16,0F,18,04,08,09,48,4F,52,4E,45,54,35
15:44:19.734 -> -75, 02,01,06,07,16,09,18,D3,30,00,FE,04,16,0F,18,04,08,09,48,4F,52,4E,45,54,35
15:44:19.734 -> -75, 02,01,06,07,16,09,18,D3,30,00,FE,04,16,0F,18,04,08,09,48,4F,52,4E,45,54,35
15:44:19.789 -> -76, 02,01,06,07,16,09,18,D3,30,00,FE,04,16,0F,18,04,08,09,48,4F,52,4E,45,54,35
15:44:19.836 -> -76, 02,01,06,07,16,09,18,D3,30,00,FE,04,16,0F,18,04,08,09,48,4F,52,4E,45,54,35
15:44:19.883 -> -76, 02,01,06,07,16,09,18,D3,30,00,FE,04,16,0F,18,04,08,09,48,4F,52,4E,45,54,35
15:44:19.883 -> -76, 02,01,06,07,16,09,18,D3,30,00,FE,04,16,0F,18,04,08,09,48,4F,52,4E,45,54,35
15:44:19.883 -> -76, 02,01,06,07,16,09,18,D3,30,00,FE,04,16,0F,18,04,08,09,48,4F,52,4E,45,54,35
15:44:19.883 -> -76, 02,01,06,07,16,09,18,D3,30,00,FE,04,16,0F,18,04,08,09,48,4F,52,4E,45,54,35
15:44:19.930 -> -76, 02,01,06,07,16,09,18,D3,30,00,FE,04,16,0F,18,04,08,09,48,4F,52,4E,45,54,35
15:44:19.930 -> -76, 02,01,06,07,16,09,18,D3,30,00,FE,04,16,0F,18,04,08,09,48,4F,52,4E,45,54,35
15:44:19.930 -> -76, 02,01,06,07,16,09,18,D3,30,00,FE,04,16,0F,18,04,08,09,48,4F,52,4E,45,54,35
15:44:19.976 -> -76, 02,01,06,07,16,09,18,D3,30,00,FE,04,16,0F,18,04,08,09,48,4F,52,4E,45,54,35
15:44:19.976 -> -76, 02,01,06,07,16,09,18,D3,30,00,FE,04,16,0F,18,04,08,09,48,4F,52,4E,45,54,35
15:44:19.976 -> -76, 02,01,06,07,16,09,18,D3,30,00,FE,04,16,0F,18,04,08,09,48,4F,52,4E,45,54,35
15:44:20.443 -> -85, 02,01,06,07,16,09,18,D3,30,00,FE,04,16,0F,18,04,08,09,48,4F,52,4E,45,54,35
15:44:20.820 -> -83, 02,01,06,07,16,09,18,D3,30,00,FE,04,16,0F,18,04,08,09,48,4F,52,4E,45,54,35
15:44:21.007 -> -75, 02,01,06,07,16,09,18,D3,30,00,FE,04,16,0F,18,04,08,09,48,4F,52,4E,45,54,35
15:44:21.007 -> -75, 02,01,06,07,16,09,18,D3,30,00,FE,04,16,0F,18,04,08,09,48,4F,52,4E,45,54,35
15:44:21.007 -> -76, 02,01,06,07,16,09,18,D3,30,00,FE,04,16,0F,18,04,08,09,48,4F,52,4E,45,54,35
15:44:21.054 -> -75, 02,01,06,07,16,09,18,D3,30,00,FE,04,16,0F,18,04,08,09,48,4F,52,4E,45,54,35
15:44:21.054 -> -75, 02,01,06,07,16,09,18,D3,30,00,FE,04,16,0F,18,04,08,09,48,4F,52,4E,45,54,35
15:44:21.054 -> -75, 02,01,06,07,16,09,18,D3,30,00,FE,04,16,0F,18,04,08,09,48,4F,52,4E,45,54,35
15:44:21.101 -> -75, 02,01,06,07,16,09,18,D3,30,00,FE,04,16,0F,18,04,08,09,48,4F,52,4E,45,54,35
15:44:21.147 -> -75, 02,01,06,07,16,09,18,D3,30,00,FE,04,16,0F,18,04,08,09,48,4F,52,4E,45,54,35
15:44:21.194 -> -75, 02,01,06,07,16,09,18,D3,30,00,FE,04,16,0F,18,04,08,09,48,4F,52,4E,45,54,35
15:44:21.194 -> -75, 02,01,06,07,16,09,18,D3,30,00,FE,04,16,0F,18,04,08,09,48,4F,52,4E,45,54,35
15:44:21.194 -> -75, 02,01,06,07,16,09,18,D3,30,00,FE,04,16,0F,18,04,08,09,48,4F,52,4E,45,54,35
15:44:21.194 -> -74, 02,01,06,07,16,09,18,D3,30,00,FE,04,16,0F,18,04,08,09,48,4F,52,4E,45,54,35
15:44:21.241 -> -75, 02,01,06,07,16,09,18,D3,30,00,FE,04,16,0F,18,04,08,09,48,4F,52,4E,45,54,35
15:44:21.241 -> -75, 02,01,06,07,16,09,18,D3,30,00,FE,04,16,0F,18,04,08,09,48,4F,52,4E,45,54,35
15:44:21.308 -> -75, 02,01,06,07,16,09,18,D3,30,00,FE,04,16,0F,18,04,08,09,48,4F,52,4E,45,54,35
15:44:21.308 -> -75, 02,01,06,07,16,09,18,D3,30,00,FE,04,16,0F,18,04,08,09,48,4F,52,4E,45,54,35
15:44:21.359 -> -75, 02,01,06,07,16,09,18,D3,30,00,FE,04,16,0F,18,04,08,09,48,4F,52,4E,45,54,35
15:44:21.359 -> -75, 02,01,06,07,16,09,18,D3,30,00,FE,04,16,0F,18,04,08,09,48,4F,52,4E,45,54,35
15:44:21.382 -> -75, 02,01,06,07,16,09,18,D3,30,00,FE,04,16,0F,18,04,08,09,48,4F,52,4E,45,54,35
15:44:21.382 -> -75, 02,01,06,07,16,09,18,D3,30,00,FE,04,16,0F,18,04,08,09,48,4F,52,4E,45,54,35
15:44:21.427 -> -76, 02,01,06,07,16,09,18,D3,30,00,FE,04,16,0F,18,04,08,09,48,4F,52,4E,45,54,35
15:44:21.427 -> -75, 02,01,06,07,16,09,18,D3,30,00,FE,04,16,0F,18,04,08,09,48,4F,52,4E,45,54,35
15:44:21.427 -> -75, 02,01,06,07,16,09,18,D3,30,00,FE,04,16,0F,18,04,08,09,48,4F,52,4E,45,54,35
15:44:21.474 -> -75, 02,01,06,07,16,09,18,D3,30,00,FE,04,16,0F,18,04,08,09,48,4F,52,4E,45,54,35
15:44:21.474 -> -75, 02,01,06,07,16,09,18,D3,30,00,FE,04,16,0F,18,04,08,09,48,4F,52,4E,45,54,35
15:44:21.474 -> -75, 02,01,06,07,16,09,18,D3,30,00,FE,04,16,0F,18,04,08,09,48,4F,52,4E,45,54,35
15:44:21.613 -> -85, 02,01,06,07,16,09,18,D3,30,00,FE,04,16,0F,18,04,08,09,48,4F,52,4E,45,54,35
15:44:21.849 -> -83, 02,01,06,07,16,09,18,D3,30,00,FE,04,16,0F,18,04,08,09,48,4F,52,4E,45,54,35
15:44:21.896 -> -84, 02,01,06,07,16,09,18,D3,30,00,FE,04,16,0F,18,04,08,09,48,4F,52,4E,45,54,35
15:44:21.942 -> -83, 02,01,06,07,16,09,18,D3,30,00,FE,04,16,0F,18,04,08,09,48,4F,52,4E,45,54,35
15:44:21.942 -> -85, 02,01,06,07,16,09,18,D3,30,00,FE,04,16,0F,18,04,08,09,48,4F,52,4E,45,54,35
15:44:21.990 -> -84, 02,01,06,07,16,09,18,D3,30,00,FE,04,16,0F,18,04,08,09,48,4F,52,4E,45,54,35
15:44:22.037 -> -79, 02,01,06,07,16,09,18,D3,30,00,FE,04,16,0F,18,04,08,09,48,4F,52,4E,45,54,35
15:44:22.037 -> -80, 02,01,06,07,16,09,18,D3,30,00,FE,04,16,0F,18,04,08,09,48,4F,52,4E,45,54,35
15:44:22.084 -> -80, 02,01,06,07,16,09,18,D3,30,00,FE,04,16,0F,18,04,08,09,48,4F,52,4E,45,54,35
15:44:22.084 -> -80, 02,01,06,07,16,09,18,D3,30,00,FE,04,16,0F,18,04,08,09,48,4F,52,4E,45,54,35
15:44:22.178 -> -79, 02,01,06,07,16,09,18,D3,30,00,FE,04,16,0F,18,04,08,09,48,4F,52,4E,45,54,35
15:44:22.178 -> -80, 02,01,06,07,16,09,18,D3,30,00,FE,04,16,0F,18,04,08,09,48,4F,52,4E,45,54,35
15:44:22.224 -> -79, 02,01,06,07,16,09,18,D3,30,00,FE,04,16,0F,18,04,08,09,48,4F,52,4E,45,54,35
15:44:22.224 -> -80, 02,01,06,07,16,09,18,D3,30,00,FE,04,16,0F,18,04,08,09,48,4F,52,4E,45,54,35
15:44:22.224 -> -79, 02,01,06,07,16,09,18,D3,30,00,FE,04,16,0F,18,04,08,09,48,4F,52,4E,45,54,35
15:44:22.411 -> -80, 02,01,06,07,16,09,18,D3,30,00,FE,04,16,0F,18,04,08,09,48,4F,52,4E,45,54,35
