15:51:18.823 -> -86, 02,01,06,07,16,09,18,D3,30,00,FE,04,16,0F,18,05,08,09,48,4F,52,4E,45,54,35
15:51:18.916 -> -86, 02,01,06,07,16,09,18,D3,30,00,FE,04,16,0F,18,05,08,09,48,4F,52,4E,45,54,35
15:51:18.964 -> -86, 02,01,06,07,16,09,18,D3,30,00,FE,04,16,0F,18,05,08,09,48,4F,52,4E,45,54,35
15:51:19.107 -> -84, 02,01,06,07,16,09,18,D3,30,00,FE,04,16,0F,18,05,08,09,48,4F,52,4E,45,54,35
15:51:20.229 -> -87, 02,01,06,07,16,09,18,D3,30,00,FE,04,16,0F,18,05,08,09,48,4F,52,4E,45,54,35
15:51:20.930 -> -84, 02,01,06,07,16,09,18,D3,30,00,FE,04,16,0F,18,05,08,09,48,4F,52,4E,45,54,35
15:51:21.165 -> -82, 02,01,06,07,16,09,18,D3,30,00,FE,04,16,0F,18,05,08,09,48,4F,52,4E,45,54,35
15:51:23.192 -> -86, 02,01,06,07,16,09,18,D3,30,00,FE,04,16,0F,18,05,08,09,48,4F,52,4E,45,54,35
15:51:23.287 -> -86, 02,01,06,07,16,09,18,D3,30,00,FE,04,16,0F,18,05,08,09,48,4F,52,4E,45,54,35
15:51:24.842 -> -86, 02,01,06,07,16,09,18,D3,30,00,FE,04,16,0F,18,05,08,09,48,4F,52,4E,45,54,35
15:51:27.565 -> -85, 02,01,06,07,16,09,18,D3,30,00,FE,04,16,0F,18,05,08,09,48,4F,52,4E,45,54,35
15:51:27.611 -> -86, 02,01,06,07,16,09,18,D3,30,00,FE,04,16,0F,18,05,08,09,48,4F,52,4E,45,54,35
15:51:29.629 -> -83, 02,01,06,07,16,09,18,D3,30,00,FE,04,16,0F,18,05,08,09,48,4F,52,4E,45,54,35
15:51:30.098 -> -82, 02,01,06,07,16,09,18,D3,30,00,FE,04,16,0F,18,05,08,09,48,4F,52,4E,45,54,35
15:51:33.281 -> -82, 02,01,06,07,16,09,18,D3,30,00,FE,04,16,0F,18,05,08,09,48,4F,52,4E,45,54,35
15:51:33.562 -> -85, 02,01,06,07,16,09,18,D3,30,00,FE,04,16,0F,18,05,08,09,48,4F,52,4E,45,54,35
15:51:34.456 -> -82, 02,01,06,07,16,09,18,D3,30,00,FE,04,16,0F,18,05,08,09,48,4F,52,4E,45,54,35
15:51:35.256 -> -87, 02,01,06,07,16,09,18,D3,30,00,FE,04,16,0F,18,05,08,09,48,4F,52,4E,45,54,35
15:51:35.395 -> -85, 02,01,06,07,16,09,18,D3,30,00,FE,04,16,0F,18,05,08,09,48,4F,52,4E,45,54,35
15:51:36.096 -> -81, 02,01,06,07,16,09,18,D3,30,00,FE,04,16,0F,18,05,08,09,48,4F,52,4E,45,54,35
15:51:36.754 -> -88, 02,01,06,07,16,09,18,D3,30,00,FE,04,16,0F,18,05,08,09,48,4F,52,4E,45,54,35
15:51:37.176 -> -82, 02,01,06,07,16,09,18,D3,30,00,FE,04,16,0F,18,05,08,09,48,4F,52,4E,45,54,35
15:51:38.248 -> -85, 02,01,06,07,16,09,18,D3,30,00,FE,04,16,0F,18,05,08,09,48,4F,52,4E,45,54,35
15:51:38.484 -> -85, 02,01,06,07,16,09,18,D3,30,00,FE,04,16,0F,18,05,08,09,48,4F,52,4E,45,54,35
15:51:38.484 -> -83, 02,01,06,07,16,09,18,D3,30,00,FE,04,16,0F,18,05,08,09,48,4F,52,4E,45,54,35
15:51:38.997 -> -81, 02,01,06,07,16,09,18,D3,30,00,FE,04,16,0F,18,05,08,09,48,4F,52,4E,45,54,35
15:51:39.044 -> -81, 02,01,06,07,16,09,18,D3,30,00,FE,04,16,0F,18,05,08,09,48,4F,52,4E,45,54,35
15:51:40.973 -> -85, 02,01,06,07,16,09,18,D3,30,00,FE,04,16,0F,18,05,08,09,48,4F,52,4E,45,54,35
15:51:41.067 -> -86, 02,01,06,07,16,09,18,D3,30,00,FE,04,16,0F,18,05,08,09,48,4F,52,4E,45,54,35
15:51:45.380 -> -82, 02,01,06,07,16,09,18,D3,30,00,FE,04,16,0F,18,05,08,09,48,4F,52,4E,45,54,35
15:51:46.508 -> -82, 02,01,06,07,16,09,18,D3,30,00,FE,04,16,0F,18,05,08,09,48,4F,52,4E,45,54,35
15:51:48.241 -> -82, 02,01,06,07,16,09,18,D3,30,00,FE,04,16,0F,18,05,08,09,48,4F,52,4E,45,54,35
15:51:49.468 -> -80, 02,01,06,07,16,09,18,D3,30,00,FE,04,16,0F,18,05,08,09,48,4F,52,4E,45,54,35
15:51:51.016 -> -81, 02,01,06,07,16,09,18,D3,30,00,FE,04,16,0F,18,05,08,09,48,4F,52,4E,45,54,35
15:51:51.158 -> -81, 02,01,06,07,16,09,18,D3,30,00,FE,04,16,0F,18,05,08,09,48,4F,52,4E,45,54,35
15:51:54.068 -> -82, 02,01,06,07,16,09,18,D3,30,00,FE,04,16,0F,18,05,08,09,48,4F,52,4E,45,54,35
15:51:55.521 -> -82, 02,01,06,07,16,09,18,D3,30,00,FE,04,16,0F,18,05,08,09,48,4F,52,4E,45,54,35
15:51:56.313 -> -86, 02,01,06,07,16,09,18,D3,30,00,FE,04,16,0F,18,05,08,09,48,4F,52,4E,45,54,35
15:51:57.769 -> -85, 02,01,06,07,16,09,18,D3,30,00,FE,04,16,0F,18,05,08,09,48,4F,52,4E,45,54,35
15:51:58.421 -> -82, 02,01,06,07,16,09,18,D3,30,00,FE,04,16,0F,18,05,08,09,48,4F,52,4E,45,54,35
15:51:58.938 -> -81, 02,01,06,07,16,09,18,D3,30,00,FE,04,16,0F,18,05,08,09,48,4F,52,4E,45,54,35
15:51:59.123 -> -85, 02,01,06,07,16,09,18,D3,30,00,FE,04,16,0F,18,05,08,09,48,4F,52,4E,45,54,35
15:51:59.219 -> -85, 02,01,06,07,16,09,18,D3,30,00,FE,04,16,0F,18,05,08,09,48,4F,52,4E,45,54,35
15:51:59.545 -> -83, 02,01,06,07,16,09,18,D3,30,00,FE,04,16,0F,18,05,08,09,48,4F,52,4E,45,54,35
15:51:59.688 -> -84, 02,01,06,07,16,09,18,D3,30,00,FE,04,16,0F,18,05,08,09,48,4F,52,4E,45,54,35
15:52:03.484 -> -83, 02,01,06,07,16,09,18,D3,30,00,FE,04,16,0F,18,05,08,09,48,4F,52,4E,45,54,35
15:52:03.531 -> -83, 02,01,06,07,16,09,18,D3,30,00,FE,04,16,0F,18,05,08,09,48,4F,52,4E,45,54,35
15:52:03.670 -> -84, 02,01,06,07,16,09,18,D3,30,00,FE,04,16,0F,18,05,08,09,48,4F,52,4E,45,54,35
15:52:03.764 -> -84, 02,01,06,07,16,09,18,D3,30,00,FE,04,16,0F,18,05,08,09,48,4F,52,4E,45,54,35
15:52:03.764 -> -84, 02,01,06,07,16,09,18,D3,30,00,FE,04,16,0F,18,05,08,09,48,4F,52,4E,45,54,35
15:52:03.856 -> -84, 02,01,06,07,16,09,18,D3,30,00,FE,04,16,0F,18,05,08,09,48,4F,52,4E,45,54,35
15:52:05.222 -> -85, 02,01,06,07,16,09,18,D3,30,00,FE,04,16,0F,18,05,08,09,48,4F,52,4E,45,54,35
15:52:05.452 -> -85, 02,01,06,07,16,09,18,D3,30,00,FE,04,16,0F,18,05,08,09,48,4F,52,4E,45,54,35
15:52:06.577 -> -84, 02,01,06,07,16,09,18,D3,30,00,FE,04,16,0F,18,05,08,09,48,4F,52,4E,45,54,35
15:52:06.577 -> -84, 02,01,06,07,16,09,18,D3,30,00,FE,04,16,0F,18,05,08,09,48,4F,52,4E,45,54,35
15:52:06.624 -> -85, 02,01,06,07,16,09,18,D3,30,00,FE,04,16,0F,18,05,08,09,48,4F,52,4E,45,54,35
15:52:08.034 -> -86, 02,01,06,07,16,09,18,D3,30,00,FE,04,16,0F,18,05,08,09,48,4F,52,4E,45,54,35
15:52:08.410 -> -85, 02,01,06,07,16,09,18,D3,30,00,FE,04,16,0F,18,05,08,09,48,4F,52,4E,45,54,35
15:52:09.490 -> -85, 02,01,06,07,16,09,18,D3,30,00,FE,04,16,0F,18,05,08,09,48,4F,52,4E,45,54,35
15:52:09.584 -> -84, 02,01,06,07,16,09,18,D3,30,00,FE,04,16,0F,18,05,08,09,48,4F,52,4E,45,54,35
15:52:09.678 -> -85, 02,01,06,07,16,09,18,D3,30,00,FE,04,16,0F,18,05,08,09,48,4F,52,4E,45,54,35
15:52:09.773 -> -86, 02,01,06,07,16,09,18,D3,30,00,FE,04,16,0F,18,05,08,09,48,4F,52,4E,45,54,35
15:52:11.599 -> -82, 02,01,06,07,16,09,18,D3,30,00,FE,04,16,0F,18,05,08,09,48,4F,52,4E,45,54,35
15:52:12.206 -> -81, 02,01,06,07,16,09,18,D3,30,00,FE,04,16,0F,18,05,08,09,48,4F,52,4E,45,54,35
15:52:12.537 -> -85, 02,01,06,07,16,09,18,D3,30,00,FE,04,16,0F,18,05,08,09,48,4F,52,4E,45,54,35
15:52:12.584 -> -85, 02,01,06,07,16,09,18,D3,30,00,FE,04,16,0F,18,05,08,09,48,4F,52,4E,45,54,35
15:52:12.630 -> -85, 02,01,06,07,16,09,18,D3,30,00,FE,04,16,0F,18,05,08,09,48,4F,52,4E,45,54,35
15:52:12.772 -> -86, 02,01,06,07,16,09,18,D3,30,00,FE,04,16,0F,18,05,08,09,48,4F,52,4E,45,54,35
15:52:12.913 -> -86, 02,01,06,07,16,09,18,D3,30,00,FE,04,16,0F,18,05,08,09,48,4F,52,4E,45,54,35
15:52:13.286 -> -80, 02,01,06,07,16,09,18,D3,30,00,FE,04,16,0F,18,05,08,09,48,4F,52,4E,45,54,35
15:52:13.663 -> -82, 02,01,06,07,16,09,18,D3,30,00,FE,04,16,0F,18,05,08,09,48,4F,52,4E,45,54,35
15:52:13.943 -> -81, 02,01,06,07,16,09,18,D3,30,00,FE,04,16,0F,18,05,08,09,48,4F,52,4E,45,54,35
15:52:14.644 -> -83, 02,01,06,07,16,09,18,D3,30,00,FE,04,16,0F,18,05,08,09,48,4F,52,4E,45,54,35
15:52:14.737 -> -82, 02,01,06,07,16,09,18,D3,30,00,FE,04,16,0F,18,05,08,09,48,4F,52,4E,45,54,35
15:52:15.438 -> -82, 02,01,06,07,16,09,18,D3,30,00,FE,04,16,0F,18,05,08,09,48,4F,52,4E,45,54,35
15:52:15.902 -> -85, 02,01,06,07,16,09,18,D3,30,00,FE,04,16,0F,18,05,08,09,48,4F,52,4E,45,54,35
15:52:16.043 -> -82, 02,01,06,07,16,09,18,D3,30,00,FE,04,16,0F,18,05,08,09,48,4F,52,4E,45,54,35
15:52:18.347 -> -83, 02,01,06,07,16,09,18,D3,30,00,FE,04,16,0F,18,05,08,09,48,4F,52,4E,45,54,35
15:52:18.347 -> -85, 02,01,06,07,16,09,18,D3,30,00,FE,04,16,0F,18,05,08,09,48,4F,52,4E,45,54,35
15:52:26.562 -> -81, 02,01,06,07,16,09,18,D3,30,00,FE,04,16,0F,18,05,08,09,48,4F,52,4E,45,54,35
15:52:26.844 -> -80, 02,01,06,07,16,09,18,D3,30,00,FE,04,16,0F,18,05,08,09,48,4F,52,4E,45,54,35
15:52:26.844 -> -80, 02,01,06,07,16,09,18,D3,30,00,FE,04,16,0F,18,05,08,09,48,4F,52,4E,45,54,35
15:52:26.983 -> -81, 02,01,06,07,16,09,18,D3,30,00,FE,04,16,0F,18,05,08,09,48,4F,52,4E,45,54,35
15:52:27.123 -> -83, 02,01,06,07,16,09,18,D3,30,00,FE,04,16,0F,18,05,08,09,48,4F,52,4E,45,54,35
15:52:42.598 -> -85, 02,01,06,07,16,09,18,D3,30,00,FE,04,16,0F,18,04,08,09,48,4F,52,4E,45,54,35
15:52:42.598 -> -85, 02,01,06,07,16,09,18,D3,30,00,FE,04,16,0F,18,04,08,09,48,4F,52,4E,45,54,35
15:52:43.964 -> -83, 02,01,06,07,16,09,18,D3,30,00,FE,04,16,0F,18,05,08,09,48,4F,52,4E,45,54,35
15:52:44.011 -> -83, 02,01,06,07,16,09,18,D3,30,00,FE,04,16,0F,18,05,08,09,48,4F,52,4E,45,54,35
15:52:44.104 -> -84, 02,01,06,07,16,09,18,D3,30,00,FE,04,16,0F,18,05,08,09,48,4F,52,4E,45,54,35
15:52:44.292 -> -84, 02,01,06,07,16,09,18,D3,30,00,FE,04,16,0F,18,05,08,09,48,4F,52,4E,45,54,35
15:52:44.338 -> -84, 02,01,06,07,16,09,18,D3,30,00,FE,04,16,0F,18,05,08,09,48,4F,52,4E,45,54,35
15:52:44.385 -> -83, 02,01,06,07,16,09,18,D3,30,00,FE,04,16,0F,18,05,08,09,48,4F,52,4E,45,54,35
15:52:44.430 -> -85, 02,01,06,07,16,09,18,D3,30,00,FE,04,16,0F,18,05,08,09,48,4F,52,4E,45,54,35
15:52:46.443 -> -83, 02,01,06,07,16,09,18,D3,30,00,FE,04,16,0F,18,05,08,09,48,4F,52,4E,45,54,35
15:52:50.017 -> -82, 02,01,06,07,16,09,18,D3,30,00,FE,04,16,0F,18,05,08,09,48,4F,52,4E,45,54,35
15:52:50.064 -> -83, 02,01,06,07,16,09,18,D3,30,00,FE,04,16,0F,18,05,08,09,48,4F,52,4E,45,54,35
15:52:50.064 -> -83, 02,01,06,07,16,09,18,D3,30,00,FE,04,16,0F,18,05,08,09,48,4F,52,4E,45,54,35
15:52:50.112 -> -84, 02,01,06,07,16,09,18,D3,30,00,FE,04,16,0F,18,05,08,09,48,4F,52,4E,45,54,35
15:52:50.205 -> -84, 02,01,06,07,16,09,18,D3,30,00,FE,04,16,0F,18,05,08,09,48,4F,52,4E,45,54,35
15:52:50.345 -> -84, 02,01,06,07,16,09,18,D3,30,00,FE,04,16,0F,18,05,08,09,48,4F,52,4E,45,54,35
15:52:50.909 -> -82, 02,01,06,07,16,09,18,D3,30,00,FE,04,16,0F,18,05,08,09,48,4F,52,4E,45,54,35
15:52:51.049 -> -83, 02,01,06,07,16,09,18,D3,30,00,FE,04,16,0F,18,05,08,09,48,4F,52,4E,45,54,35
15:52:51.752 -> -84, 02,01,06,07,16,09,18,D3,30,00,FE,04,16,0F,18,05,08,09,48,4F,52,4E,45,54,35
15:52:52.266 -> -80, 02,01,06,07,16,09,18,D3,30,00,FE,04,16,0F,18,05,08,09,48,4F,52,4E,45,54,35
15:52:52.313 -> -81, 02,01,06,07,16,09,18,D3,30,00,FE,04,16,0F,18,05,08,09,48,4F,52,4E,45,54,35
15:52:52.406 -> -82, 02,01,06,07,16,09,18,D3,30,00,FE,04,16,0F,18,05,08,09,48,4F,52,4E,45,54,35
15:53:03.509 -> -84, 02,01,06,07,16,09,18,D3,30,00,FE,04,16,0F,18,05,08,09,48,4F,52,4E,45,54,35
15:53:03.555 -> -83, 02,01,06,07,16,09,18,D3,30,00,FE,04,16,0F,18,05,08,09,48,4F,52,4E,45,54,35
15:53:03.602 -> -83, 02,01,06,07,16,09,18,D3,30,00,FE,04,16,0F,18,05,08,09,48,4F,52,4E,45,54,35
15:53:03.697 -> -83, 02,01,06,07,16,09,18,D3,30,00,FE,04,16,0F,18,05,08,09,48,4F,52,4E,45,54,35
15:53:03.697 -> -82, 02,01,06,07,16,09,18,D3,30,00,FE,04,16,0F,18,05,08,09,48,4F,52,4E,45,54,35
15:53:04.025 -> -81, 02,01,06,07,16,09,18,D3,30,00,FE,04,16,0F,18,05,08,09,48,4F,52,4E,45,54,35
