16:06:31.662 -> -69, 02,01,06,07,16,09,18,D3,30,00,FE,04,16,0F,18,05,08,09,48,4F,52,4E,45,54,35
16:06:31.662 -> -69, 02,01,06,07,16,09,18,D3,30,00,FE,04,16,0F,18,05,08,09,48,4F,52,4E,45,54,35
16:06:31.662 -> -70, 02,01,06,07,16,09,18,D3,30,00,FE,04,16,0F,18,05,08,09,48,4F,52,4E,45,54,35
16:06:31.662 -> -69, 02,01,06,07,16,09,18,D3,30,00,FE,04,16,0F,18,05,08,09,48,4F,52,4E,45,54,35
16:06:31.710 -> -69, 02,01,06,07,16,09,18,D3,30,00,FE,04,16,0F,18,05,08,09,48,4F,52,4E,45,54,35
16:06:31.710 -> -69, 02,01,06,07,16,09,18,D3,30,00,FE,04,16,0F,18,05,08,09,48,4F,52,4E,45,54,35
16:06:31.756 -> -69, 02,01,06,07,16,09,18,D3,30,00,FE,04,16,0F,18,05,08,09,48,4F,52,4E,45,54,35
16:06:31.756 -> -69, 02,01,06,07,16,09,18,D3,30,00,FE,04,16,0F,18,05,08,09,48,4F,52,4E,45,54,35
16:06:31.756 -> -69, 02,01,06,07,16,09,18,D3,30,00,FE,04,16,0F,18,05,08,09,48,4F,52,4E,45,54,35
16:06:31.802 -> -69, 02,01,06,07,16,09,18,D3,30,00,FE,04,16,0F,18,05,08,09,48,4F,52,4E,45,54,35
16:06:31.802 -> -69, 02,01,06,07,16,09,18,D3,30,00,FE,04,16,0F,18,05,08,09,48,4F,52,4E,45,54,35
16:06:31.802 -> -69, 02,01,06,07,16,09,18,D3,30,00,FE,04,16,0F,18,05,08,09,48,4F,52,4E,45,54,35
16:06:31.802 -> -69, 02,01,06,07,16,09,18,D3,30,00,FE,04,16,0F,18,05,08,09,48,4F,52,4E,45,54,35
16:06:31.851 -> -70, 02,01,06,07,16,09,18,D3,30,00,FE,04,16,0F,18,05,08,09,48,4F,52,4E,45,54,35
16:06:31.851 -> -69, 02,01,06,07,16,09,18,D3,30,00,FE,04,16,0F,18,05,08,09,48,4F,52,4E,45,54,35
16:06:31.851 -> -69, 02,01,06,07,16,09,18,D3,30,00,FE,04,16,0F,18,05,08,09,48,4F,52,4E,45,54,35
16:06:31.899 -> -69, 02,01,06,07,16,09,18,D3,30,00,FE,04,16,0F,18,05,08,09,48,4F,52,4E,45,54,35
16:06:31.899 -> -70, 02,01,06,07,16,09,18,D3,30,00,FE,04,16,0F,18,05,08,09,48,4F,52,4E,45,54,35
16:06:31.946 -> -69, 02,01,06,07,16,09,18,D3,30,00,FE,04,16,0F,18,05,08,09,48,4F,52,4E,45,54,35
16:06:31.946 -> -69, 02,01,06,07,16,09,18,D3,30,00,FE,04,16,0F,18,05,08,09,48,4F,52,4E,45,54,35
16:06:31.995 -> -70, 02,01,06,07,16,09,18,D3,30,00,FE,04,16,0F,18,05,08,09,48,4F,52,4E,45,54,35
16:06:31.995 -> -70, 02,01,06,07,16,09,18,D3,30,00,FE,04,16,0F,18,05,08,09,48,4F,52,4E,45,54,35
16:06:31.995 -> -70, 02,01,06,07,16,09,18,D3,30,00,FE,04,16,0F,18,05,08,09,48,4F,52,4E,45,54,35
16:06:31.995 -> -69, 02,01,06,07,16,09,18,D3,30,00,FE,04,16,0F,18,05,08,09,48,4F,52,4E,45,54,35
16:06:31.995 -> -70, 02,01,06,07,16,09,18,D3,30,00,FE,04,16,0F,18,05,08,09,48,4F,52,4E,45,54,35
16:06:32.038 -> -70, 02,01,06,07,16,09,18,D3,30,00,FE,04,16,0F,18,05,08,09,48,4F,52,4E,45,54,35
16:06:32.038 -> -69, 02,01,06,07,16,09,18,D3,30,00,FE,04,16,0F,18,05,08,09,48,4F,52,4E,45,54,35
16:06:32.038 -> -70, 02,01,06,07,16,09,18,D3,30,00,FE,04,16,0F,18,05,08,09,48,4F,52,4E,45,54,35
16:06:32.086 -> -69, 02,01,06,07,16,09,18,D3,30,00,FE,04,16,0F,18,05,08,09,48,4F,52,4E,45,54,35
16:06:32.086 -> -70, 02,01,06,07,16,09,18,D3,30,00,FE,04,16,0F,18,05,08,09,48,4F,52,4E,45,54,35
16:06:32.086 -> -70, 02,01,06,07,16,09,18,D3,30,00,FE,04,16,0F,18,05,08,09,48,4F,52,4E,45,54,35
16:06:32.086 -> -70, 02,01,06,07,16,09,18,D3,30,00,FE,04,16,0F,18,05,08,09,48,4F,52,4E,45,54,35
16:06:32.134 -> -69, 02,01,06,07,16,09,18,D3,30,00,FE,04,16,0F,18,05,08,09,48,4F,52,4E,45,54,35
16:06:32.134 -> -69, 02,01,06,07,16,09,18,D3,30,00,FE,04,16,0F,18,05,08,09,48,4F,52,4E,45,54,35
16:06:32.134 -> -69, 02,01,06,07,16,09,18,D3,30,00,FE,04,16,0F,18,05,08,09,48,4F,52,4E,45,54,35
16:06:32.134 -> -69, 02,01,06,07,16,09,18,D3,30,00,FE,04,16,0F,18,05,08,09,48,4F,52,4E,45,54,35
16:06:32.134 -> -69, 02,01,06,07,16,09,18,D3,30,00,FE,04,16,0F,18,05,08,09,48,4F,52,4E,45,54,35
16:06:32.181 -> -69, 02,01,06,07,16,09,18,D3,30,00,FE,04,16,0F,18,05,08,09,48,4F,52,4E,45,54,35
16:06:32.181 -> -69, 02,01,06,07,16,09,18,D3,30,00,FE,04,16,0F,18,05,08,09,48,4F,52,4E,45,54,35
16:06:32.181 -> -69, 02,01,06,07,16,09,18,D3,30,00,FE,04,16,0F,18,05,08,09,48,4F,52,4E,45,54,35
16:06:32.181 -> -69, 02,01,06,07,16,09,18,D3,30,00,FE,04,16,0F,18,05,08,09,48,4F,52,4E,45,54,35
16:06:32.227 -> -69, 02,01,06,07,16,09,18,D3,30,00,FE,04,16,0F,18,05,08,09,48,4F,52,4E,45,54,35
16:06:32.227 -> -69, 02,01,06,07,16,09,18,D3,30,00,FE,04,16,0F,18,05,08,09,48,4F,52,4E,45,54,35
16:06:32.227 -> -69, 02,01,06,07,16,09,18,D3,30,00,FE,04,16,0F,18,05,08,09,48,4F,52,4E,45,54,35
16:06:32.227 -> -69, 02,01,06,07,16,09,18,D3,30,00,FE,04,16,0F,18,05,08,09,48,4F,52,4E,45,54,35
16:06:32.275 -> -69, 02,01,06,07,16,09,18,D3,30,00,FE,04,16,0F,18,05,08,09,48,4F,52,4E,45,54,35
16:06:32.275 -> -69, 02,01,06,07,16,09,18,D3,30,00,FE,04,16,0F,18,05,08,09,48,4F,52,4E,45,54,35
16:06:32.275 -> -69, 02,01,06,07,16,09,18,D3,30,00,FE,04,16,0F,18,05,08,09,48,4F,52,4E,45,54,35
16:06:32.275 -> -69, 02,01,06,07,16,09,18,D3,30,00,FE,04,16,0F,18,05,08,09,48,4F,52,4E,45,54,35
16:06:32.322 -> -69, 02,01,06,07,16,09,18,D3,30,00,FE,04,16,0F,18,05,08,09,48,4F,52,4E,45,54,35
16:06:32.322 -> -69, 02,01,06,07,16,09,18,D3,30,00,FE,04,16,0F,18,05,08,09,48,4F,52,4E,45,54,35
16:06:32.322 -> -69, 02,01,06,07,16,09,18,D3,30,00,FE,04,16,0F,18,05,08,09,48,4F,52,4E,45,54,35
16:06:32.370 -> -69, 02,01,06,07,16,09,18,D3,30,00,FE,04,16,0F,18,05,08,09,48,4F,52,4E,45,54,35
16:06:32.370 -> -69, 02,01,06,07,16,09,18,D3,30,00,FE,04,16,0F,18,05,08,09,48,4F,52,4E,45,54,35
16:06:32.370 -> -69, 02,01,06,07,16,09,18,D3,30,00,FE,04,16,0F,18,05,08,09,48,4F,52,4E,45,54,35
16:06:32.370 -> -69, 02,01,06,07,16,09,18,D3,30,00,FE,04,16,0F,18,05,08,09,48,4F,52,4E,45,54,35
16:06:32.416 -> -69, 02,01,06,07,16,09,18,D3,30,00,FE,04,16,0F,18,05,08,09,48,4F,52,4E,45,54,35
16:06:32.416 -> -69, 02,01,06,07,16,09,18,D3,30,00,FE,04,16,0F,18,05,08,09,48,4F,52,4E,45,54,35
16:06:32.416 -> -69, 02,01,06,07,16,09,18,D3,30,00,FE,04,16,0F,18,05,08,09,48,4F,52,4E,45,54,35
16:06:32.416 -> -69, 02,01,06,07,16,09,18,D3,30,00,FE,04,16,0F,18,05,08,09,48,4F,52,4E,45,54,35
16:06:32.463 -> -69, 02,01,06,07,16,09,18,D3,30,00,FE,04,16,0F,18,05,08,09,48,4F,52,4E,45,54,35
16:06:32.463 -> -69, 02,01,06,07,16,09,18,D3,30,00,FE,04,16,0F,18,05,08,09,48,4F,52,4E,45,54,35
16:06:32.463 -> -69, 02,01,06,07,16,09,18,D3,30,00,FE,04,16,0F,18,05,08,09,48,4F,52,4E,45,54,35
16:06:32.510 -> -69, 02,01,06,07,16,09,18,D3,30,00,FE,04,16,0F,18,06,08,09,48,4F,52,4E,45,54,35
16:06:32.510 -> -69, 02,01,06,07,16,09,18,D3,30,00,FE,04,16,0F,18,06,08,09,48,4F,52,4E,45,54,35
16:06:32.510 -> -68, 02,01,06,07,16,09,18,D3,30,00,FE,04,16,0F,18,06,08,09,48,4F,52,4E,45,54,35
16:06:32.510 -> -69, 02,01,06,07,16,09,18,D3,30,00,FE,04,16,0F,18,06,08,09,48,4F,52,4E,45,54,35
16:06:32.557 -> -69, 02,01,06,07,16,09,18,D3,30,00,FE,04,16,0F,18,06,08,09,48,4F,52,4E,45,54,35
16:06:32.557 -> -69, 02,01,06,07,16,09,18,D3,30,00,FE,04,16,0F,18,06,08,09,48,4F,52,4E,45,54,35
16:06:32.557 -> -69, 02,01,06,07,16,09,18,D3,30,00,FE,04,16,0F,18,06,08,09,48,4F,52,4E,45,54,35
16:06:32.605 -> -69, 02,01,06,07,16,09,18,D3,30,00,FE,04,16,0F,18,06,08,09,48,4F,52,4E,45,54,35
16:06:32.605 -> -69, 02,01,06,07,16,09,18,D3,30,00,FE,04,16,0F,18,06,08,09,48,4F,52,4E,45,54,35
16:06:32.605 -> -69, 02,01,06,07,16,09,18,D3,30,00,FE,04,16,0F,18,06,08,09,48,4F,52,4E,45,54,35
16:06:32.605 -> -69, 02,01,06,07,16,09,18,D3,30,00,FE,04,16,0F,18,06,08,09,48,4F,52,4E,45,54,35
16:06:32.605 -> -69, 02,01,06,07,16,09,18,D3,30,00,FE,04,16,0F,18,06,08,09,48,4F,52,4E,45,54,35
16:06:32.651 -> -69, 02,01,06,07,16,09,18,D3,30,00,FE,04,16,0F,18,06,08,09,48,4F,52,4E,45,54,35
16:06:32.651 -> -69, 02,01,06,07,16,09,18,D3,30,00,FE,04,16,0F,18,06,08,09,48,4F,52,4E,45,54,35
16:06:32.698 -> -69, 02,01,06,07,16,09,18,D3,30,00,FE,04,16,0F,18,06,08,09,48,4F,52,4E,45,54,35
16:06:32.698 -> -69, 02,01,06,07,16,09,18,D3,30,00,FE,04,16,0F,18,06,08,09,48,4F,52,4E,45,54,35
16:06:32.698 -> -69, 02,01,06,07,16,09,18,D3,30,00,FE,04,16,0F,18,06,08,09,48,4F,52,4E,45,54,35
16:06:32.698 -> -69, 02,01,06,07,16,09,18,D3,30,00,FE,04,16,0F,18,06,08,09,48,4F,52,4E,45,54,35
16:06:32.744 -> -69, 02,01,06,07,16,09,18,D3,30,00,FE,04,16,0F,18,06,08,09,48,4F,52,4E,45,54,35
16:06:32.744 -> -69, 02,01,06,07,16,09,18,D3,30,00,FE,04,16,0F,18,06,08,09,48,4F,52,4E,45,54,35
16:06:32.744 -> -69, 02,01,06,07,16,09,18,D3,30,00,FE,04,16,0F,18,06,08,09,48,4F,52,4E,45,54,35
16:06:32.790 -> -69, 02,01,06,07,16,09,18,D3,30,00,FE,04,16,0F,18,06,08,09,48,4F,52,4E,45,54,35
16:06:32.790 -> -69, 02,01,06,07,16,09,18,D3,30,00,FE,04,16,0F,18,06,08,09,48,4F,52,4E,45,54,35
16:06:32.836 -> -69, 02,01,06,07,16,09,18,D3,30,00,FE,04,16,0F,18,06,08,09,48,4F,52,4E,45,54,35
16:06:32.836 -> -69, 02,01,06,07,16,09,18,D3,30,00,FE,04,16,0F,18,06,08,09,48,4F,52,4E,45,54,35
16:06:32.836 -> -69, 02,01,06,07,16,09,18,D3,30,00,FE,04,16,0F,18,06,08,09,48,4F,52,4E,45,54,35
16:06:32.836 -> -69, 02,01,06,07,16,09,18,D3,30,00,FE,04,16,0F,18,06,08,09,48,4F,52,4E,45,54,35
16:06:32.836 -> -69, 02,01,06,07,16,09,18,D3,30,00,FE,04,16,0F,18,06,08,09,48,4F,52,4E,45,54,35
16:06:32.883 -> -69, 02,01,06,07,16,09,18,D3,30,00,FE,04,16,0F,18,06,08,09,48,4F,52,4E,45,54,35
16:06:32.883 -> -70, 02,01,06,07,16,09,18,D3,30,00,FE,04,16,0F,18,06,08,09,48,4F,52,4E,45,54,35
16:06:32.883 -> -69, 02,01,06,07,16,09,18,D3,30,00,FE,04,16,0F,18,06,08,09,48,4F,52,4E,45,54,35
16:06:32.929 -> -69, 02,01,06,07,16,09,18,D3,30,00,FE,04,16,0F,18,06,08,09,48,4F,52,4E,45,54,35
16:06:32.929 -> -69, 02,01,06,07,16,09,18,D3,30,00,FE,04,16,0F,18,06,08,09,48,4F,52,4E,45,54,35
16:06:32.929 -> -68, 02,01,06,07,16,09,18,D3,30,00,FE,04,16,0F,18,06,08,09,48,4F,52,4E,45,54,35
16:06:32.974 -> -69, 02,01,06,07,16,09,18,D3,30,00,FE,04,16,0F,18,06,08,09,48,4F,52,4E,45,54,35
16:06:32.974 -> -68, 02,01,06,07,16,09,18,D3,30,00,FE,04,16,0F,18,06,08,09,48,4F,52,4E,45,54,35
16:06:33.022 -> -66, 02,01,06,07,16,09,18,D3,30,00,FE,04,16,0F,18,06,08,09,48,4F,52,4E,45,54,35
16:06:33.068 -> -69, 02,01,06,07,16,09,18,D3,30,00,FE,04,16,0F,18,06,08,09,48,4F,52,4E,45,54,35
16:06:33.068 -> -68, 02,01,06,07,16,09,18,D3,30,00,FE,04,16,0F,18,06,08,09,48,4F,52,4E,45,54,35
16:06:33.068 -> -68, 02,01,06,07,16,09,18,D3,30,00,FE,04,16,0F,18,06,08,09,48,4F,52,4E,45,54,35
16:06:33.114 -> -68, 02,01,06,07,16,09,18,D3,30,00,FE,04,16,0F,18,06,08,09,48,4F,52,4E,45,54,35
16:06:33.114 -> -69, 02,01,06,07,16,09,18,D3,30,00,FE,04,16,0F,18,06,08,09,48,4F,52,4E,45,54,35
16:06:33.162 -> -66, 02,01,06,07,16,09,18,D3,30,00,FE,04,16,0F,18,06,08,09,48,4F,52,4E,45,54,35
16:06:33.162 -> -68, 02,01,06,07,16,09,18,D3,30,00,FE,04,16,0F,18,06,08,09,48,4F,52,4E,45,54,35
16:06:33.162 -> -68, 02,01,06,07,16,09,18,D3,30,00,FE,04,16,0F,18,06,08,09,48,4F,52,4E,45,54,35
16:06:33.209 -> -68, 02,01,06,07,16,09,18,D3,30,00,FE,04,16,0F,18,06,08,09,48,4F,52,4E,45,54,35
16:06:33.209 -> -69, 02,01,06,07,16,09,18,D3,30,00,FE,04,16,0F,18,06,08,09,48,4F,52,4E,45,54,35
16:06:33.209 -> -69, 02,01,06,07,16,09,18,D3,30,00,FE,04,16,0F,18,06,08,09,48,4F,52,4E,45,54,35
16:06:33.209 -> -69, 02,01,06,07,16,09,18,D3,30,00,FE,04,16,0F,18,06,08,09,48,4F,52,4E,45,54,35
16:06:33.256 -> -69, 02,01,06,07,16,09,18,D3,30,00,FE,04,16,0F,18,06,08,09,48,4F,52,4E,45,54,35
16:06:33.256 -> -69, 02,01,06,07,16,09,18,D3,30,00,FE,04,16,0F,18,06,08,09,48,4F,52,4E,45,54,35
16:06:33.256 -> -68, 02,01,06,07,16,09,18,D3,30,00,FE,04,16,0F,18,06,08,09,48,4F,52,4E,45,54,35
16:06:33.304 -> -69, 02,01,06,07,16,09,18,D3,30,00,FE,04,16,0F,18,06,08,09,48,4F,52,4E,45,54,35
16:06:33.304 -> -69, 02,01,06,07,16,09,18,D3,30,00,FE,04,16,0F,18,06,08,09,48,4F,52,4E,45,54,35
16:06:33.304 -> -69, 02,01,06,07,16,09,18,D3,30,00,FE,04,16,0F,18,06,08,09,48,4F,52,4E,45,54,35
16:06:33.304 -> -68, 02,01,06,07,16,09,18,D3,30,00,FE,04,16,0F,18,06,08,09,48,4F,52,4E,45,54,35
16:06:33.349 -> -68, 02,01,06,07,16,09,18,D3,30,00,FE,04,16,0F,18,06,08,09,48,4F,52,4E,45,54,35
16:06:33.349 -> -69, 02,01,06,07,16,09,18,D3,30,00,FE,04,16,0F,18,06,08,09,48,4F,52,4E,45,54,35
16:06:33.349 -> -69, 02,01,06,07,16,09,18,D3,30,00,FE,04,16,0F,18,06,08,09,48,4F,52,4E,45,54,35
16:06:33.397 -> -69, 02,01,06,07,16,09,18,D3,30,00,FE,04,16,0F,18,06,08,09,48,4F,52,4E,45,54,35
16:06:33.397 -> -69, 02,01,06,07,16,09,18,D3,30,00,FE,04,16,0F,18,06,08,09,48,4F,52,4E,45,54,35
16:06:33.397 -> -69, 02,01,06,07,16,09,18,D3,30,00,FE,04,16,0F,18,06,08,09,48,4F,52,4E,45,54,35
16:06:33.397 -> -69, 02,01,06,07,16,09,18,D3,30,00,FE,04,16,0F,18,06,08,09,48,4F,52,4E,45,54,35
16:06:33.443 -> -69, 02,01,06,07,16,09,18,D3,30,00,FE,04,16,0F,18,06,08,09,48,4F,52,4E,45,54,35
16:06:33.443 -> -69, 02,01,06,07,16,09,18,D3,30,00,FE,04,16,0F,18,06,08,09,48,4F,52,4E,45,54,35
16:06:33.443 -> -70, 02,01,06,07,16,09,18,D3,30,00,FE,04,16,0F,18,06,08,09,48,4F,52,4E,45,54,35
16:06:33.443 -> -70, 02,01,06,07,16,09,18,D3,30,00,FE,04,16,0F,18,06,08,09,48,4F,52,4E,45,54,35
16:06:33.489 -> -69, 02,01,06,07,16,09,18,D3,30,00,FE,04,16,0F,18,06,08,09,48,4F,52,4E,45,54,35
16:06:33.489 -> -69, 02,01,06,07,16,09,18,D3,30,00,FE,04,16,0F,18,06,08,09,48,4F,52,4E,45,54,35
16:06:33.489 -> -69, 02,01,06,07,16,09,18,D3,30,00,FE,04,16,0F,18,05,08,09,48,4F,52,4E,45,54,35
16:06:33.489 -> -70, 02,01,06,07,16,09,18,D3,30,00,FE,04,16,0F,18,05,08,09,48,4F,52,4E,45,54,35
16:06:33.535 -> -70, 02,01,06,07,16,09,18,D3,30,00,FE,04,16,0F,18,05,08,09,48,4F,52,4E,45,54,35
16:06:33.535 -> -70, 02,01,06,07,16,09,18,D3,30,00,FE,04,16,0F,18,05,08,09,48,4F,52,4E,45,54,35
16:06:33.535 -> -69, 02,01,06,07,16,09,18,D3,30,00,FE,04,16,0F,18,05,08,09,48,4F,52,4E,45,54,35
16:06:33.535 -> -69, 02,01,06,07,16,09,18,D3,30,00,FE,04,16,0F,18,05,08,09,48,4F,52,4E,45,54,35
16:06:33.584 -> -69, 02,01,06,07,16,09,18,D3,30,00,FE,04,16,0F,18,05,08,09,48,4F,52,4E,45,54,35
16:06:33.584 -> -69, 02,01,06,07,16,09,18,D3,30,00,FE,04,16,0F,18,05,08,09,48,4F,52,4E,45,54,35
16:06:33.584 -> -70, 02,01,06,07,16,09,18,D3,30,00,FE,04,16,0F,18,05,08,09,48,4F,52,4E,45,54,35
16:06:33.584 -> -70, 02,01,06,07,16,09,18,D3,30,00,FE,04,16,0F,18,05,08,09,48,4F,52,4E,45,54,35
16:06:33.632 -> -70, 02,01,06,07,16,09,18,D3,30,00,FE,04,16,0F,18,05,08,09,48,4F,52,4E,45,54,35
16:06:33.632 -> -70, 02,01,06,07,16,09,18,D3,30,00,FE,04,16,0F,18,05,08,09,48,4F,52,4E,45,54,35
16:06:33.632 -> -69, 02,01,06,07,16,09,18,D3,30,00,FE,04,16,0F,18,05,08,09,48,4F,52,4E,45,54,35
16:06:33.632 -> -69, 02,01,06,07,16,09,18,D3,30,00,FE,04,16,0F,18,05,08,09,48,4F,52,4E,45,54,35
16:06:33.678 -> -69, 02,01,06,07,16,09,18,D3,30,00,FE,04,16,0F,18,05,08,09,48,4F,52,4E,45,54,35
16:06:33.678 -> -70, 02,01,06,07,16,09,18,D3,30,00,FE,04,16,0F,18,05,08,09,48,4F,52,4E,45,54,35
16:06:33.678 -> -69, 02,01,06,07,16,09,18,D3,30,00,FE,04,16,0F,18,05,08,09,48,4F,52,4E,45,54,35
16:06:33.724 -> -70, 02,01,06,07,16,09,18,D3,30,00,FE,04,16,0F,18,05,08,09,48,4F,52,4E,45,54,35
16:06:33.724 -> -69, 02,01,06,07,16,09,18,D3,30,00,FE,04,16,0F,18,05,08,09,48,4F,52,4E,45,54,35
16:06:33.724 -> -69, 02,01,06,07,16,09,18,D3,30,00,FE,04,16,0F,18,05,08,09,48,4F,52,4E,45,54,35
16:06:33.724 -> -70, 02,01,06,07,16,09,18,D3,30,00,FE,04,16,0F,18,05,08,09,48,4F,52,4E,45,54,35
16:06:33.772 -> -69, 02,01,06,07,16,09,18,D3,30,00,FE,04,16,0F,18,05,08,09,48,4F,52,4E,45,54,35
16:06:33.772 -> -69, 02,01,06,07,16,09,18,D3,30,00,FE,04,16,0F,18,05,08,09,48,4F,52,4E,45,54,35
16:06:33.772 -> -70, 02,01,06,07,16,09,18,D3,30,00,FE,04,16,0F,18,05,08,09,48,4F,52,4E,45,54,35
16:06:33.772 -> -70, 02,01,06,07,16,09,18,D3,30,00,FE,04,16,0F,18,05,08,09,48,4F,52,4E,45,54,35
16:06:33.772 -> -70, 02,01,06,07,16,09,18,D3,30,00,FE,04,16,0F,18,05,08,09,48,4F,52,4E,45,54,35
16:06:33.817 -> -70, 02,01,06,07,16,09,18,D3,30,00,FE,04,16,0F,18,05,08,09,48,4F,52,4E,45,54,35
16:06:33.817 -> -70, 02,01,06,07,16,09,18,D3,30,00,FE,04,16,0F,18,05,08,09,48,4F,52,4E,45,54,35
16:06:33.817 -> -69, 02,01,06,07,16,09,18,D3,30,00,FE,04,16,0F,18,05,08,09,48,4F,52,4E,45,54,35
16:06:33.865 -> -70, 02,01,06,07,16,09,18,D3,30,00,FE,04,16,0F,18,05,08,09,48,4F,52,4E,45,54,35
16:06:33.865 -> -70, 02,01,06,07,16,09,18,D3,30,00,FE,04,16,0F,18,05,08,09,48,4F,52,4E,45,54,35
16:06:33.865 -> -70, 02,01,06,07,16,09,18,D3,30,00,FE,04,16,0F,18,05,08,09,48,4F,52,4E,45,54,35
16:06:33.865 -> -70, 02,01,06,07,16,09,18,D3,30,00,FE,04,16,0F,18,05,08,09,48,4F,52,4E,45,54,35
16:06:33.911 -> -70, 02,01,06,07,16,09,18,D3,30,00,FE,04,16,0F,18,05,08,09,48,4F,52,4E,45,54,35
16:06:33.911 -> -70, 02,01,06,07,16,09,18,D3,30,00,FE,04,16,0F,18,05,08,09,48,4F,52,4E,45,54,35
16:06:33.911 -> -70, 02,01,06,07,16,09,18,D3,30,00,FE,04,16,0F,18,05,08,09,48,4F,52,4E,45,54,35
16:06:33.911 -> -70, 02,01,06,07,16,09,18,D3,30,00,FE,04,16,0F,18,05,08,09,48,4F,52,4E,45,54,35
16:06:33.911 -> -70, 02,01,06,07,16,09,18,D3,30,00,FE,04,16,0F,18,05,08,09,48,4F,52,4E,45,54,35
16:06:33.957 -> -69, 02,01,06,07,16,09,18,D3,30,00,FE,04,16,0F,18,05,08,09,48,4F,52,4E,45,54,35
16:06:33.957 -> -69, 02,01,06,07,16,09,18,D3,30,00,FE,04,16,0F,18,05,08,09,48,4F,52,4E,45,54,35
16:06:33.957 -> -69, 02,01,06,07,16,09,18,D3,30,00,FE,04,16,0F,18,05,08,09,48,4F,52,4E,45,54,35
16:06:34.004 -> -69, 02,01,06,07,16,09,18,D3,30,00,FE,04,16,0F,18,05,08,09,48,4F,52,4E,45,54,35
16:06:34.004 -> -69, 02,01,06,07,16,09,18,D3,30,00,FE,04,16,0F,18,05,08,09,48,4F,52,4E,45,54,35
16:06:34.051 -> -69, 02,01,06,07,16,09,18,D3,30,00,FE,04,16,0F,18,05,08,09,48,4F,52,4E,45,54,35
16:06:34.051 -> -69, 02,01,06,07,16,09,18,D3,30,00,FE,04,16,0F,18,05,08,09,48,4F,52,4E,45,54,35
16:06:34.051 -> -68, 02,01,06,07,16,09,18,D3,30,00,FE,04,16,0F,18,05,08,09,48,4F,52,4E,45,54,35
16:06:34.051 -> -69, 02,01,06,07,16,09,18,D3,30,00,FE,04,16,0F,18,05,08,09,48,4F,52,4E,45,54,35
16:06:34.098 -> -69, 02,01,06,07,16,09,18,D3,30,00,FE,04,16,0F,18,05,08,09,48,4F,52,4E,45,54,35
16:06:34.098 -> -69, 02,01,06,07,16,09,18,D3,30,00,FE,04,16,0F,18,05,08,09,48,4F,52,4E,45,54,35
16:06:34.098 -> -69, 02,01,06,07,16,09,18,D3,30,00,FE,04,16,0F,18,05,08,09,48,4F,52,4E,45,54,35
16:06:34.146 -> -68, 02,01,06,07,16,09,18,D3,30,00,FE,04,16,0F,18,05,08,09,48,4F,52,4E,45,54,35
16:06:34.146 -> -69, 02,01,06,07,16,09,18,D3,30,00,FE,04,16,0F,18,05,08,09,48,4F,52,4E,45,54,35
16:06:34.146 -> -69, 02,01,06,07,16,09,18,D3,30,00,FE,04,16,0F,18,05,08,09,48,4F,52,4E,45,54,35
16:06:34.146 -> -69, 02,01,06,07,16,09,18,D3,30,00,FE,04,16,0F,18,05,08,09,48,4F,52,4E,45,54,35
16:06:34.146 -> -69, 02,01,06,07,16,09,18,D3,30,00,FE,04,16,0F,18,05,08,09,48,4F,52,4E,45,54,35
16:06:34.193 -> -68, 02,01,06,07,16,09,18,D3,30,00,FE,04,16,0F,18,05,08,09,48,4F,52,4E,45,54,35
16:06:34.193 -> -69, 02,01,06,07,16,09,18,D3,30,00,FE,04,16,0F,18,05,08,09,48,4F,52,4E,45,54,35
16:06:34.193 -> -68, 02,01,06,07,16,09,18,D3,30,00,FE,04,16,0F,18,05,08,09,48,4F,52,4E,45,54,35
16:06:34.239 -> -69, 02,01,06,07,16,09,18,D3,30,00,FE,04,16,0F,18,05,08,09,48,4F,52,4E,45,54,35
16:06:34.286 -> -69, 02,01,06,07,16,09,18,D3,30,00,FE,04,16,0F,18,05,08,09,48,4F,52,4E,45,54,35
16:06:34.286 -> -69, 02,01,06,07,16,09,18,D3,30,00,FE,04,16,0F,18,05,08,09,48,4F,52,4E,45,54,35
16:06:34.286 -> -69, 02,01,06,07,16,09,18,D3,30,00,FE,04,16,0F,18,05,08,09,48,4F,52,4E,45,54,35
16:06:34.286 -> -69, 02,01,06,07,16,09,18,D3,30,00,FE,04,16,0F,18,05,08,09,48,4F,52,4E,45,54,35
16:06:34.332 -> -68, 02,01,06,07,16,09,18,D3,30,00,FE,04,16,0F,18,05,08,09,48,4F,52,4E,45,54,35
16:06:34.332 -> -69, 02,01,06,07,16,09,18,D3,30,00,FE,04,16,0F,18,05,08,09,48,4F,52,4E,45,54,35
16:06:34.332 -> -69, 02,01,06,07,16,09,18,D3,30,00,FE,04,16,0F,18,05,08,09,48,4F,52,4E,45,54,35
16:06:34.380 -> -69, 02,01,06,07,16,09,18,D3,30,00,FE,04,16,0F,18,05,08,09,48,4F,52,4E,45,54,35
16:06:34.380 -> -69, 02,01,06,07,16,09,18,D3,30,00,FE,04,16,0F,18,05,08,09,48,4F,52,4E,45,54,35
16:06:34.380 -> -69, 02,01,06,07,16,09,18,D3,30,00,FE,04,16,0F,18,05,08,09,48,4F,52,4E,45,54,35
16:06:34.380 -> -69, 02,01,06,07,16,09,18,D3,30,00,FE,04,16,0F,18,05,08,09,48,4F,52,4E,45,54,35
16:06:34.380 -> -69, 02,01,06,07,16,09,18,D3,30,00,FE,04,16,0F,18,05,08,09,48,4F,52,4E,45,54,35
16:06:34.427 -> -69, 02,01,06,07,16,09,18,D3,30,00,FE,04,16,0F,18,05,08,09,48,4F,52,4E,45,54,35
16:06:34.427 -> -69, 02,01,06,07,16,09,18,D3,30,00,FE,04,16,0F,18,05,08,09,48,4F,52,4E,45,54,35
16:06:34.427 -> -69, 02,01,06,07,16,09,18,D3,30,00,FE,04,16,0F,18,05,08,09,48,4F,52,4E,45,54,35
16:06:34.472 -> -69, 02,01,06,07,16,09,18,D3,30,00,FE,04,16,0F,18,05,08,09,48,4F,52,4E,45,54,35
16:06:34.472 -> -69, 02,01,06,07,16,09,18,D3,30,00,FE,04,16,0F,18,05,08,09,48,4F,52,4E,45,54,35
16:06:34.472 -> -71, 02,01,06,07,16,09,18,D3,30,00,FE,04,16,0F,18,05,08,09,48,4F,52,4E,45,54,35
16:06:34.520 -> -69, 02,01,06,07,16,09,18,D3,30,00,FE,04,16,0F,18,05,08,09,48,4F,52,4E,45,54,35
16:06:34.520 -> -69, 02,01,06,07,16,09,18,D3,30,00,FE,04,16,0F,18,05,08,09,48,4F,52,4E,45,54,35
16:06:34.520 -> -69, 02,01,06,07,16,09,18,D3,30,00,FE,04,16,0F,18,05,08,09,48,4F,52,4E,45,54,35
16:06:34.566 -> -69, 02,01,06,07,16,09,18,D3,30,00,FE,04,16,0F,18,05,08,09,48,4F,52,4E,45,54,35
16:06:34.566 -> -69, 02,01,06,07,16,09,18,D3,30,00,FE,04,16,0F,18,05,08,09,48,4F,52,4E,45,54,35
16:06:34.566 -> -69, 02,01,06,07,16,09,18,D3,30,00,FE,04,16,0F,18,05,08,09,48,4F,52,4E,45,54,35
16:06:34.613 -> -68, 02,01,06,07,16,09,18,D3,30,00,FE,04,16,0F,18,05,08,09,48,4F,52,4E,45,54,35
16:06:34.613 -> -69, 02,01,06,07,16,09,18,D3,30,00,FE,04,16,0F,18,05,08,09,48,4F,52,4E,45,54,35
16:06:34.613 -> -69, 02,01,06,07,16,09,18,D3,30,00,FE,04,16,0F,18,05,08,09,48,4F,52,4E,45,54,35
16:06:34.613 -> -69, 02,01,06,07,16,09,18,D3,30,00,FE,04,16,0F,18,05,08,09,48,4F,52,4E,45,54,35
16:06:34.659 -> -69, 02,01,06,07,16,09,18,D3,30,00,FE,04,16,0F,18,05,08,09,48,4F,52,4E,45,54,35
16:06:34.659 -> -69, 02,01,06,07,16,09,18,D3,30,00,FE,04,16,0F,18,05,08,09,48,4F,52,4E,45,54,35
16:06:34.659 -> -69, 02,01,06,07,16,09,18,D3,30,00,FE,04,16,0F,18,05,08,09,48,4F,52,4E,45,54,35
16:06:34.659 -> -69, 02,01,06,07,16,09,18,D3,30,00,FE,04,16,0F,18,05,08,09,48,4F,52,4E,45,54,35
16:06:34.706 -> -69, 02,01,06,07,16,09,18,D3,30,00,FE,04,16,0F,18,05,08,09,48,4F,52,4E,45,54,35
16:06:34.706 -> -69, 02,01,06,07,16,09,18,D3,30,00,FE,04,16,0F,18,05,08,09,48,4F,52,4E,45,54,35
16:06:34.706 -> -68, 02,01,06,07,16,09,18,D3,30,00,FE,04,16,0F,18,05,08,09,48,4F,52,4E,45,54,35
16:06:34.706 -> -69, 02,01,06,07,16,09,18,D3,30,00,FE,04,16,0F,18,05,08,09,48,4F,52,4E,45,54,35
16:06:34.754 -> -69, 02,01,06,07,16,09,18,D3,30,00,FE,04,16,0F,18,05,08,09,48,4F,52,4E,45,54,35
16:06:34.801 -> -69, 02,01,06,07,16,09,18,D3,30,00,FE,04,16,0F,18,05,08,09,48,4F,52,4E,45,54,35
16:06:34.801 -> -69, 02,01,06,07,16,09,18,D3,30,00,FE,04,16,0F,18,05,08,09,48,4F,52,4E,45,54,35
16:06:34.801 -> -69, 02,01,06,07,16,09,18,D3,30,00,FE,04,16,0F,18,05,08,09,48,4F,52,4E,45,54,35
16:06:34.801 -> -69, 02,01,06,07,16,09,18,D3,30,00,FE,04,16,0F,18,05,08,09,48,4F,52,4E,45,54,35
16:06:34.847 -> -69, 02,01,06,07,16,09,18,D3,30,00,FE,04,16,0F,18,05,08,09,48,4F,52,4E,45,54,35
16:06:34.847 -> -69, 02,01,06,07,16,09,18,D3,30,00,FE,04,16,0F,18,05,08,09,48,4F,52,4E,45,54,35
16:06:34.847 -> -69, 02,01,06,07,16,09,18,D3,30,00,FE,04,16,0F,18,05,08,09,48,4F,52,4E,45,54,35
16:06:34.895 -> -69, 02,01,06,07,16,09,18,D3,30,00,FE,04,16,0F,18,05,08,09,48,4F,52,4E,45,54,35
16:06:34.895 -> -69, 02,01,06,07,16,09,18,D3,30,00,FE,04,16,0F,18,05,08,09,48,4F,52,4E,45,54,35
16:06:34.942 -> -69, 02,01,06,07,16,09,18,D3,30,00,FE,04,16,0F,18,05,08,09,48,4F,52,4E,45,54,35
16:06:34.942 -> -69, 02,01,06,07,16,09,18,D3,30,00,FE,04,16,0F,18,05,08,09,48,4F,52,4E,45,54,35
16:06:34.942 -> -69, 02,01,06,07,16,09,18,D3,30,00,FE,04,16,0F,18,05,08,09,48,4F,52,4E,45,54,35
16:06:34.988 -> -70, 02,01,06,07,16,09,18,D3,30,00,FE,04,16,0F,18,05,08,09,48,4F,52,4E,45,54,35
16:06:34.988 -> -69, 02,01,06,07,16,09,18,D3,30,00,FE,04,16,0F,18,05,08,09,48,4F,52,4E,45,54,35
16:06:34.988 -> -69, 02,01,06,07,16,09,18,D3,30,00,FE,04,16,0F,18,05,08,09,48,4F,52,4E,45,54,35
16:06:35.035 -> -69, 02,01,06,07,16,09,18,D3,30,00,FE,04,16,0F,18,05,08,09,48,4F,52,4E,45,54,35
16:06:35.035 -> -69, 02,01,06,07,16,09,18,D3,30,00,FE,04,16,0F,18,05,08,09,48,4F,52,4E,45,54,35
16:06:35.035 -> -69, 02,01,06,07,16,09,18,D3,30,00,FE,04,16,0F,18,05,08,09,48,4F,52,4E,45,54,35
16:06:35.035 -> -69, 02,01,06,07,16,09,18,D3,30,00,FE,04,16,0F,18,05,08,09,48,4F,52,4E,45,54,35
16:06:35.082 -> -69, 02,01,06,07,16,09,18,D3,30,00,FE,04,16,0F,18,05,08,09,48,4F,52,4E,45,54,35
16:06:35.082 -> -70, 02,01,06,07,16,09,18,D3,30,00,FE,04,16,0F,18,05,08,09,48,4F,52,4E,45,54,35
16:06:35.082 -> -70, 02,01,06,07,16,09,18,D3,30,00,FE,04,16,0F,18,05,08,09,48,4F,52,4E,45,54,35
16:06:35.082 -> -69, 02,01,06,07,16,09,18,D3,30,00,FE,04,16,0F,18,05,08,09,48,4F,52,4E,45,54,35
16:06:35.082 -> -69, 02,01,06,07,16,09,18,D3,30,00,FE,04,16,0F,18,05,08,09,48,4F,52,4E,45,54,35
16:06:35.128 -> -69, 02,01,06,07,16,09,18,D3,30,00,FE,04,16,0F,18,05,08,09,48,4F,52,4E,45,54,35
16:06:35.128 -> -68, 02,01,06,07,16,09,18,D3,30,00,FE,04,16,0F,18,05,08,09,48,4F,52,4E,45,54,35
16:06:35.128 -> -69, 02,01,06,07,16,09,18,D3,30,00,FE,04,16,0F,18,05,08,09,48,4F,52,4E,45,54,35
16:06:35.128 -> -69, 02,01,06,07,16,09,18,D3,30,00,FE,04,16,0F,18,05,08,09,48,4F,52,4E,45,54,35
16:06:35.176 -> -69, 02,01,06,07,16,09,18,D3,30,00,FE,04,16,0F,18,05,08,09,48,4F,52,4E,45,54,35
16:06:35.176 -> -69, 02,01,06,07,16,09,18,D3,30,00,FE,04,16,0F,18,05,08,09,48,4F,52,4E,45,54,35
16:06:35.176 -> -69, 02,01,06,07,16,09,18,D3,30,00,FE,04,16,0F,18,05,08,09,48,4F,52,4E,45,54,35
16:06:35.176 -> -69, 02,01,06,07,16,09,18,D3,30,00,FE,04,16,0F,18,05,08,09,48,4F,52,4E,45,54,35
16:06:35.222 -> -69, 02,01,06,07,16,09,18,D3,30,00,FE,04,16,0F,18,05,08,09,48,4F,52,4E,45,54,35
16:06:35.222 -> -69, 02,01,06,07,16,09,18,D3,30,00,FE,04,16,0F,18,05,08,09,48,4F,52,4E,45,54,35
16:06:35.222 -> -69, 02,01,06,07,16,09,18,D3,30,00,FE,04,16,0F,18,05,08,09,48,4F,52,4E,45,54,35
16:06:35.222 -> -69, 02,01,06,07,16,09,18,D3,30,00,FE,04,16,0F,18,05,08,09,48,4F,52,4E,45,54,35
16:06:35.268 -> -69, 02,01,06,07,16,09,18,D3,30,00,FE,04,16,0F,18,05,08,09,48,4F,52,4E,45,54,35
16:06:35.268 -> -69, 02,01,06,07,16,09,18,D3,30,00,FE,04,16,0F,18,05,08,09,48,4F,52,4E,45,54,35
16:06:35.268 -> -69, 02,01,06,07,16,09,18,D3,30,00,FE,04,16,0F,18,05,08,09,48,4F,52,4E,45,54,35
16:06:35.316 -> -69, 02,01,06,07,16,09,18,D3,30,00,FE,04,16,0F,18,05,08,09,48,4F,52,4E,45,54,35
16:06:35.316 -> -69, 02,01,06,07,16,09,18,D3,30,00,FE,04,16,0F,18,05,08,09,48,4F,52,4E,45,54,35
16:06:35.316 -> -69, 02,01,06,07,16,09,18,D3,30,00,FE,04,16,0F,18,05,08,09,48,4F,52,4E,45,54,35
16:06:35.363 -> -70, 02,01,06,07,16,09,18,D3,30,00,FE,04,16,0F,18,05,08,09,48,4F,52,4E,45,54,35
16:06:35.363 -> -69, 02,01,06,07,16,09,18,D3,30,00,FE,04,16,0F,18,05,08,09,48,4F,52,4E,45,54,35
16:06:35.363 -> -70, 02,01,06,07,16,09,18,D3,30,00,FE,04,16,0F,18,05,08,09,48,4F,52,4E,45,54,35
16:06:35.363 -> -69, 02,01,06,07,16,09,18,D3,30,00,FE,04,16,0F,18,05,08,09,48,4F,52,4E,45,54,35
16:06:35.410 -> -70, 02,01,06,07,16,09,18,D3,30,00,FE,04,16,0F,18,05,08,09,48,4F,52,4E,45,54,35
16:06:35.410 -> -69, 02,01,06,07,16,09,18,D3,30,00,FE,04,16,0F,18,05,08,09,48,4F,52,4E,45,54,35
16:06:35.410 -> -70, 02,01,06,07,16,09,18,D3,30,00,FE,04,16,0F,18,05,08,09,48,4F,52,4E,45,54,35
16:06:35.410 -> -69, 02,01,06,07,16,09,18,D3,30,00,FE,04,16,0F,18,05,08,09,48,4F,52,4E,45,54,35
16:06:35.410 -> -69, 02,01,06,07,16,09,18,D3,30,00,FE,04,16,0F,18,05,08,09,48,4F,52,4E,45,54,35
16:06:35.457 -> -68, 02,01,06,07,16,09,18,D3,30,00,FE,04,16,0F,18,05,08,09,48,4F,52,4E,45,54,35
16:06:35.457 -> -68, 02,01,06,07,16,09,18,D3,30,00,FE,04,16,0F,18,05,08,09,48,4F,52,4E,45,54,35
16:06:35.457 -> -68, 02,01,06,07,16,09,18,D3,30,00,FE,04,16,0F,18,05,08,09,48,4F,52,4E,45,54,35
16:06:35.504 -> -69, 02,01,06,07,16,09,18,D3,30,00,FE,04,16,0F,18,05,08,09,48,4F,52,4E,45,54,35
16:06:35.504 -> -68, 02,01,06,07,16,09,18,D3,30,00,FE,04,16,0F,18,05,08,09,48,4F,52,4E,45,54,35
16:06:35.504 -> -68, 02,01,06,07,16,09,18,D3,30,00,FE,04,16,0F,18,05,08,09,48,4F,52,4E,45,54,35
16:06:35.504 -> -68, 02,01,06,07,16,09,18,D3,30,00,FE,04,16,0F,18,05,08,09,48,4F,52,4E,45,54,35
16:06:35.551 -> -68, 02,01,06,07,16,09,18,D3,30,00,FE,04,16,0F,18,05,08,09,48,4F,52,4E,45,54,35
16:06:35.551 -> -68, 02,01,06,07,16,09,18,D3,30,00,FE,04,16,0F,18,05,08,09,48,4F,52,4E,45,54,35
16:06:35.598 -> -68, 02,01,06,07,16,09,18,D3,30,00,FE,04,16,0F,18,05,08,09,48,4F,52,4E,45,54,35
16:06:35.598 -> -68, 02,01,06,07,16,09,18,D3,30,00,FE,04,16,0F,18,05,08,09,48,4F,52,4E,45,54,35
16:06:35.644 -> -68, 02,01,06,07,16,09,18,D3,30,00,FE,04,16,0F,18,05,08,09,48,4F,52,4E,45,54,35
16:06:35.644 -> -68, 02,01,06,07,16,09,18,D3,30,00,FE,04,16,0F,18,05,08,09,48,4F,52,4E,45,54,35
16:06:35.644 -> -68, 02,01,06,07,16,09,18,D3,30,00,FE,04,16,0F,18,05,08,09,48,4F,52,4E,45,54,35
16:06:35.644 -> -68, 02,01,06,07,16,09,18,D3,30,00,FE,04,16,0F,18,05,08,09,48,4F,52,4E,45,54,35
16:06:35.691 -> -68, 02,01,06,07,16,09,18,D3,30,00,FE,04,16,0F,18,05,08,09,48,4F,52,4E,45,54,35
16:06:35.691 -> -68, 02,01,06,07,16,09,18,D3,30,00,FE,04,16,0F,18,05,08,09,48,4F,52,4E,45,54,35
16:06:35.691 -> -68, 02,01,06,07,16,09,18,D3,30,00,FE,04,16,0F,18,05,08,09,48,4F,52,4E,45,54,35
16:06:35.738 -> -68, 02,01,06,07,16,09,18,D3,30,00,FE,04,16,0F,18,05,08,09,48,4F,52,4E,45,54,35
16:06:35.738 -> -68, 02,01,06,07,16,09,18,D3,30,00,FE,04,16,0F,18,05,08,09,48,4F,52,4E,45,54,35
16:06:35.738 -> -68, 02,01,06,07,16,09,18,D3,30,00,FE,04,16,0F,18,05,08,09,48,4F,52,4E,45,54,35
16:06:35.785 -> -68, 02,01,06,07,16,09,18,D3,30,00,FE,04,16,0F,18,05,08,09,48,4F,52,4E,45,54,35
16:06:35.785 -> -68, 02,01,06,07,16,09,18,D3,30,00,FE,04,16,0F,18,05,08,09,48,4F,52,4E,45,54,35
16:06:35.785 -> -68, 02,01,06,07,16,09,18,D3,30,00,FE,04,16,0F,18,05,08,09,48,4F,52,4E,45,54,35
16:06:35.785 -> -68, 02,01,06,07,16,09,18,D3,30,00,FE,04,16,0F,18,05,08,09,48,4F,52,4E,45,54,35
16:06:35.832 -> -68, 02,01,06,07,16,09,18,D3,30,00,FE,04,16,0F,18,05,08,09,48,4F,52,4E,45,54,35
16:06:35.832 -> -68, 02,01,06,07,16,09,18,D3,30,00,FE,04,16,0F,18,05,08,09,48,4F,52,4E,45,54,35
16:06:35.877 -> -69, 02,01,06,07,16,09,18,D3,30,00,FE,04,16,0F,18,05,08,09,48,4F,52,4E,45,54,35
16:06:35.877 -> -69, 02,01,06,07,16,09,18,D3,30,00,FE,04,16,0F,18,05,08,09,48,4F,52,4E,45,54,35
16:06:35.877 -> -68, 02,01,06,07,16,09,18,D3,30,00,FE,04,16,0F,18,05,08,09,48,4F,52,4E,45,54,35
16:06:35.877 -> -69, 02,01,06,07,16,09,18,D3,30,00,FE,04,16,0F,18,05,08,09,48,4F,52,4E,45,54,35
16:06:35.924 -> -68, 02,01,06,07,16,09,18,D3,30,00,FE,04,16,0F,18,05,08,09,48,4F,52,4E,45,54,35
16:06:35.924 -> -66, 02,01,06,07,16,09,18,D3,30,00,FE,04,16,0F,18,05,08,09,48,4F,52,4E,45,54,35
16:06:35.924 -> -68, 02,01,06,07,16,09,18,D3,30,00,FE,04,16,0F,18,05,08,09,48,4F,52,4E,45,54,35
16:06:35.924 -> -69, 02,01,06,07,16,09,18,D3,30,00,FE,04,16,0F,18,05,08,09,48,4F,52,4E,45,54,35
16:06:35.972 -> -69, 02,01,06,07,16,09,18,D3,30,00,FE,04,16,0F,18,05,08,09,48,4F,52,4E,45,54,35
16:06:35.972 -> -68, 02,01,06,07,16,09,18,D3,30,00,FE,04,16,0F,18,05,08,09,48,4F,52,4E,45,54,35
16:06:36.019 -> -69, 02,01,06,07,16,09,18,D3,30,00,FE,04,16,0F,18,05,08,09,48,4F,52,4E,45,54,35
16:06:36.019 -> -69, 02,01,06,07,16,09,18,D3,30,00,FE,04,16,0F,18,05,08,09,48,4F,52,4E,45,54,35
16:06:36.019 -> -69, 02,01,06,07,16,09,18,D3,30,00,FE,04,16,0F,18,05,08,09,48,4F,52,4E,45,54,35
16:06:36.066 -> -68, 02,01,06,07,16,09,18,D3,30,00,FE,04,16,0F,18,05,08,09,48,4F,52,4E,45,54,35
16:06:36.066 -> -69, 02,01,06,07,16,09,18,D3,30,00,FE,04,16,0F,18,05,08,09,48,4F,52,4E,45,54,35
16:06:36.066 -> -69, 02,01,06,07,16,09,18,D3,30,00,FE,04,16,0F,18,05,08,09,48,4F,52,4E,45,54,35
16:06:36.112 -> -69, 02,01,06,07,16,09,18,D3,30,00,FE,04,16,0F,18,05,08,09,48,4F,52,4E,45,54,35
16:06:36.112 -> -69, 02,01,06,07,16,09,18,D3,30,00,FE,04,16,0F,18,05,08,09,48,4F,52,4E,45,54,35
16:06:36.112 -> -69, 02,01,06,07,16,09,18,D3,30,00,FE,04,16,0F,18,05,08,09,48,4F,52,4E,45,54,35
16:06:36.112 -> -68, 02,01,06,07,16,09,18,D3,30,00,FE,04,16,0F,18,05,08,09,48,4F,52,4E,45,54,35
16:06:36.159 -> -69, 02,01,06,07,16,09,18,D3,30,00,FE,04,16,0F,18,05,08,09,48,4F,52,4E,45,54,35
16:06:36.159 -> -68, 02,01,06,07,16,09,18,D3,30,00,FE,04,16,0F,18,05,08,09,48,4F,52,4E,45,54,35
16:06:36.206 -> -69, 02,01,06,07,16,09,18,D3,30,00,FE,04,16,0F,18,05,08,09,48,4F,52,4E,45,54,35
16:06:36.206 -> -69, 02,01,06,07,16,09,18,D3,30,00,FE,04,16,0F,18,05,08,09,48,4F,52,4E,45,54,35
16:06:36.206 -> -69, 02,01,06,07,16,09,18,D3,30,00,FE,04,16,0F,18,05,08,09,48,4F,52,4E,45,54,35
16:06:36.254 -> -69, 02,01,06,07,16,09,18,D3,30,00,FE,04,16,0F,18,05,08,09,48,4F,52,4E,45,54,35
16:06:36.254 -> -68, 02,01,06,07,16,09,18,D3,30,00,FE,04,16,0F,18,05,08,09,48,4F,52,4E,45,54,35
16:06:36.254 -> -69, 02,01,06,07,16,09,18,D3,30,00,FE,04,16,0F,18,05,08,09,48,4F,52,4E,45,54,35
16:06:36.254 -> -69, 02,01,06,07,16,09,18,D3,30,00,FE,04,16,0F,18,05,08,09,48,4F,52,4E,45,54,35
16:06:36.301 -> -69, 02,01,06,07,16,09,18,D3,30,00,FE,04,16,0F,18,05,08,09,48,4F,52,4E,45,54,35
16:06:36.301 -> -69, 02,01,06,07,16,09,18,D3,30,00,FE,04,16,0F,18,05,08,09,48,4F,52,4E,45,54,35
16:06:36.348 -> -68, 02,01,06,07,16,09,18,D3,30,00,FE,04,16,0F,18,05,08,09,48,4F,52,4E,45,54,35
16:06:36.348 -> -69, 02,01,06,07,16,09,18,D3,30,00,FE,04,16,0F,18,05,08,09,48,4F,52,4E,45,54,35
16:06:36.443 -> -69, 02,01,06,07,16,09,18,D3,30,00,FE,04,16,0F,18,05,08,09,48,4F,52,4E,45,54,35
16:06:36.443 -> -68, 02,01,06,07,16,09,18,D3,30,00,FE,04,16,0F,18,05,08,09,48,4F,52,4E,45,54,35
16:06:36.443 -> -69, 02,01,06,07,16,09,18,D3,30,00,FE,04,16,0F,18,05,08,09,48,4F,52,4E,45,54,35
16:06:36.443 -> -69, 02,01,06,07,16,09,18,D3,30,00,FE,04,16,0F,18,05,08,09,48,4F,52,4E,45,54,35
16:06:36.490 -> -69, 02,01,06,07,16,09,18,D3,30,00,FE,04,16,0F,18,05,08,09,48,4F,52,4E,45,54,35
16:06:36.490 -> -69, 02,01,06,07,16,09,18,D3,30,00,FE,04,16,0F,18,06,08,09,48,4F,52,4E,45,54,35
16:06:36.490 -> -69, 02,01,06,07,16,09,18,D3,30,00,FE,04,16,0F,18,06,08,09,48,4F,52,4E,45,54,35
16:06:36.490 -> -69, 02,01,06,07,16,09,18,D3,30,00,FE,04,16,0F,18,06,08,09,48,4F,52,4E,45,54,35
16:06:36.536 -> -69, 02,01,06,07,16,09,18,D3,30,00,FE,04,16,0F,18,06,08,09,48,4F,52,4E,45,54,35
16:06:36.536 -> -69, 02,01,06,07,16,09,18,D3,30,00,FE,04,16,0F,18,06,08,09,48,4F,52,4E,45,54,35
16:06:36.536 -> -69, 02,01,06,07,16,09,18,D3,30,00,FE,04,16,0F,18,06,08,09,48,4F,52,4E,45,54,35
16:06:36.536 -> -69, 02,01,06,07,16,09,18,D3,30,00,FE,04,16,0F,18,06,08,09,48,4F,52,4E,45,54,35
16:06:36.583 -> -69, 02,01,06,07,16,09,18,D3,30,00,FE,04,16,0F,18,06,08,09,48,4F,52,4E,45,54,35
16:06:36.583 -> -69, 02,01,06,07,16,09,18,D3,30,00,FE,04,16,0F,18,06,08,09,48,4F,52,4E,45,54,35
16:06:36.583 -> -70, 02,01,06,07,16,09,18,D3,30,00,FE,04,16,0F,18,06,08,09,48,4F,52,4E,45,54,35
16:06:36.583 -> -69, 02,01,06,07,16,09,18,D3,30,00,FE,04,16,0F,18,06,08,09,48,4F,52,4E,45,54,35
16:06:36.627 -> -69, 02,01,06,07,16,09,18,D3,30,00,FE,04,16,0F,18,06,08,09,48,4F,52,4E,45,54,35
16:06:36.627 -> -69, 02,01,06,07,16,09,18,D3,30,00,FE,04,16,0F,18,06,08,09,48,4F,52,4E,45,54,35
16:06:36.627 -> -69, 02,01,06,07,16,09,18,D3,30,00,FE,04,16,0F,18,06,08,09,48,4F,52,4E,45,54,35
16:06:36.627 -> -69, 02,01,06,07,16,09,18,D3,30,00,FE,04,16,0F,18,06,08,09,48,4F,52,4E,45,54,35
16:06:36.673 -> -70, 02,01,06,07,16,09,18,D3,30,00,FE,04,16,0F,18,06,08,09,48,4F,52,4E,45,54,35
16:06:36.673 -> -69, 02,01,06,07,16,09,18,D3,30,00,FE,04,16,0F,18,06,08,09,48,4F,52,4E,45,54,35
16:06:36.673 -> -69, 02,01,06,07,16,09,18,D3,30,00,FE,04,16,0F,18,06,08,09,48,4F,52,4E,45,54,35
16:06:36.673 -> -70, 02,01,06,07,16,09,18,D3,30,00,FE,04,16,0F,18,06,08,09,48,4F,52,4E,45,54,35
16:06:36.720 -> -69, 02,01,06,07,16,09,18,D3,30,00,FE,04,16,0F,18,06,08,09,48,4F,52,4E,45,54,35
16:06:36.720 -> -70, 02,01,06,07,16,09,18,D3,30,00,FE,04,16,0F,18,06,08,09,48,4F,52,4E,45,54,35
16:06:36.720 -> -69, 02,01,06,07,16,09,18,D3,30,00,FE,04,16,0F,18,06,08,09,48,4F,52,4E,45,54,35
16:06:36.720 -> -70, 02,01,06,07,16,09,18,D3,30,00,FE,04,16,0F,18,06,08,09,48,4F,52,4E,45,54,35
16:06:36.766 -> -69, 02,01,06,07,16,09,18,D3,30,00,FE,04,16,0F,18,06,08,09,48,4F,52,4E,45,54,35
16:06:36.766 -> -69, 02,01,06,07,16,09,18,D3,30,00,FE,04,16,0F,18,06,08,09,48,4F,52,4E,45,54,35
16:06:36.766 -> -69, 02,01,06,07,16,09,18,D3,30,00,FE,04,16,0F,18,06,08,09,48,4F,52,4E,45,54,35
16:06:36.814 -> -69, 02,01,06,07,16,09,18,D3,30,00,FE,04,16,0F,18,06,08,09,48,4F,52,4E,45,54,35
16:06:36.814 -> -69, 02,01,06,07,16,09,18,D3,30,00,FE,04,16,0F,18,06,08,09,48,4F,52,4E,45,54,35
16:06:36.814 -> -69, 02,01,06,07,16,09,18,D3,30,00,FE,04,16,0F,18,06,08,09,48,4F,52,4E,45,54,35
16:06:36.860 -> -69, 02,01,06,07,16,09,18,D3,30,00,FE,04,16,0F,18,06,08,09,48,4F,52,4E,45,54,35
16:06:36.860 -> -69, 02,01,06,07,16,09,18,D3,30,00,FE,04,16,0F,18,06,08,09,48,4F,52,4E,45,54,35
16:06:36.860 -> -69, 02,01,06,07,16,09,18,D3,30,00,FE,04,16,0F,18,06,08,09,48,4F,52,4E,45,54,35
16:06:36.860 -> -69, 02,01,06,07,16,09,18,D3,30,00,FE,04,16,0F,18,06,08,09,48,4F,52,4E,45,54,35
16:06:36.906 -> -69, 02,01,06,07,16,09,18,D3,30,00,FE,04,16,0F,18,06,08,09,48,4F,52,4E,45,54,35
16:06:36.906 -> -70, 02,01,06,07,16,09,18,D3,30,00,FE,04,16,0F,18,06,08,09,48,4F,52,4E,45,54,35
16:06:36.906 -> -70, 02,01,06,07,16,09,18,D3,30,00,FE,04,16,0F,18,06,08,09,48,4F,52,4E,45,54,35
16:06:36.906 -> -70, 02,01,06,07,16,09,18,D3,30,00,FE,04,16,0F,18,06,08,09,48,4F,52,4E,45,54,35
16:06:36.953 -> -69, 02,01,06,07,16,09,18,D3,30,00,FE,04,16,0F,18,06,08,09,48,4F,52,4E,45,54,35
16:06:36.953 -> -69, 02,01,06,07,16,09,18,D3,30,00,FE,04,16,0F,18,06,08,09,48,4F,52,4E,45,54,35
16:06:37.000 -> -69, 02,01,06,07,16,09,18,D3,30,00,FE,04,16,0F,18,06,08,09,48,4F,52,4E,45,54,35
16:06:37.000 -> -69, 02,01,06,07,16,09,18,D3,30,00,FE,04,16,0F,18,06,08,09,48,4F,52,4E,45,54,35
16:06:37.048 -> -69, 02,01,06,07,16,09,18,D3,30,00,FE,04,16,0F,18,06,08,09,48,4F,52,4E,45,54,35
16:06:37.048 -> -69, 02,01,06,07,16,09,18,D3,30,00,FE,04,16,0F,18,06,08,09,48,4F,52,4E,45,54,35
16:06:37.048 -> -66, 02,01,06,07,16,09,18,D3,30,00,FE,04,16,0F,18,06,08,09,48,4F,52,4E,45,54,35
16:06:37.048 -> -69, 02,01,06,07,16,09,18,D3,30,00,FE,04,16,0F,18,06,08,09,48,4F,52,4E,45,54,35
16:06:37.095 -> -69, 02,01,06,07,16,09,18,D3,30,00,FE,04,16,0F,18,06,08,09,48,4F,52,4E,45,54,35
16:06:37.095 -> -69, 02,01,06,07,16,09,18,D3,30,00,FE,04,16,0F,18,06,08,09,48,4F,52,4E,45,54,35
16:06:37.095 -> -69, 02,01,06,07,16,09,18,D3,30,00,FE,04,16,0F,18,06,08,09,48,4F,52,4E,45,54,35
16:06:37.141 -> -68, 02,01,06,07,16,09,18,D3,30,00,FE,04,16,0F,18,06,08,09,48,4F,52,4E,45,54,35
16:06:37.141 -> -69, 02,01,06,07,16,09,18,D3,30,00,FE,04,16,0F,18,06,08,09,48,4F,52,4E,45,54,35
16:06:37.141 -> -69, 02,01,06,07,16,09,18,D3,30,00,FE,04,16,0F,18,06,08,09,48,4F,52,4E,45,54,35
16:06:37.141 -> -69, 02,01,06,07,16,09,18,D3,30,00,FE,04,16,0F,18,06,08,09,48,4F,52,4E,45,54,35
16:06:37.190 -> -69, 02,01,06,07,16,09,18,D3,30,00,FE,04,16,0F,18,06,08,09,48,4F,52,4E,45,54,35
16:06:37.190 -> -69, 02,01,06,07,16,09,18,D3,30,00,FE,04,16,0F,18,06,08,09,48,4F,52,4E,45,54,35
16:06:37.235 -> -69, 02,01,06,07,16,09,18,D3,30,00,FE,04,16,0F,18,06,08,09,48,4F,52,4E,45,54,35
16:06:37.283 -> -69, 02,01,06,07,16,09,18,D3,30,00,FE,04,16,0F,18,06,08,09,48,4F,52,4E,45,54,35
16:06:37.283 -> -69, 02,01,06,07,16,09,18,D3,30,00,FE,04,16,0F,18,06,08,09,48,4F,52,4E,45,54,35
16:06:37.283 -> -69, 02,01,06,07,16,09,18,D3,30,00,FE,04,16,0F,18,06,08,09,48,4F,52,4E,45,54,35
16:06:37.330 -> -69, 02,01,06,07,16,09,18,D3,30,00,FE,04,16,0F,18,06,08,09,48,4F,52,4E,45,54,35
16:06:37.330 -> -69, 02,01,06,07,16,09,18,D3,30,00,FE,04,16,0F,18,06,08,09,48,4F,52,4E,45,54,35
16:06:37.330 -> -69, 02,01,06,07,16,09,18,D3,30,00,FE,04,16,0F,18,06,08,09,48,4F,52,4E,45,54,35
16:06:37.330 -> -69, 02,01,06,07,16,09,18,D3,30,00,FE,04,16,0F,18,06,08,09,48,4F,52,4E,45,54,35
16:06:37.377 -> -68, 02,01,06,07,16,09,18,D3,30,00,FE,04,16,0F,18,06,08,09,48,4F,52,4E,45,54,35
16:06:37.377 -> -69, 02,01,06,07,16,09,18,D3,30,00,FE,04,16,0F,18,06,08,09,48,4F,52,4E,45,54,35
16:06:37.377 -> -69, 02,01,06,07,16,09,18,D3,30,00,FE,04,16,0F,18,06,08,09,48,4F,52,4E,45,54,35
16:06:37.377 -> -69, 02,01,06,07,16,09,18,D3,30,00,FE,04,16,0F,18,06,08,09,48,4F,52,4E,45,54,35
16:06:37.424 -> -69, 02,01,06,07,16,09,18,D3,30,00,FE,04,16,0F,18,06,08,09,48,4F,52,4E,45,54,35
16:06:37.424 -> -69, 02,01,06,07,16,09,18,D3,30,00,FE,04,16,0F,18,06,08,09,48,4F,52,4E,45,54,35
16:06:37.424 -> -69, 02,01,06,07,16,09,18,D3,30,00,FE,04,16,0F,18,06,08,09,48,4F,52,4E,45,54,35
16:06:37.424 -> -69, 02,01,06,07,16,09,18,D3,30,00,FE,04,16,0F,18,06,08,09,48,4F,52,4E,45,54,35
16:06:37.424 -> -69, 02,01,06,07,16,09,18,D3,30,00,FE,04,16,0F,18,06,08,09,48,4F,52,4E,45,54,35
16:06:37.470 -> -69, 02,01,06,07,16,09,18,D3,30,00,FE,04,16,0F,18,06,08,09,48,4F,52,4E,45,54,35
16:06:37.470 -> -69, 02,01,06,07,16,09,18,D3,30,00,FE,04,16,0F,18,06,08,09,48,4F,52,4E,45,54,35
16:06:37.470 -> -69, 02,01,06,07,16,09,18,D3,30,00,FE,04,16,0F,18,06,08,09,48,4F,52,4E,45,54,35
16:06:37.517 -> -69, 02,01,06,07,16,09,18,D3,30,00,FE,04,16,0F,18,05,08,09,48,4F,52,4E,45,54,35
16:06:37.517 -> -69, 02,01,06,07,16,09,18,D3,30,00,FE,04,16,0F,18,05,08,09,48,4F,52,4E,45,54,35
16:06:37.563 -> -69, 02,01,06,07,16,09,18,D3,30,00,FE,04,16,0F,18,05,08,09,48,4F,52,4E,45,54,35
16:06:37.563 -> -69, 02,01,06,07,16,09,18,D3,30,00,FE,04,16,0F,18,05,08,09,48,4F,52,4E,45,54,35
16:06:37.610 -> -69, 02,01,06,07,16,09,18,D3,30,00,FE,04,16,0F,18,05,08,09,48,4F,52,4E,45,54,35
16:06:37.610 -> -69, 02,01,06,07,16,09,18,D3,30,00,FE,04,16,0F,18,05,08,09,48,4F,52,4E,45,54,35
16:06:37.610 -> -69, 02,01,06,07,16,09,18,D3,30,00,FE,04,16,0F,18,05,08,09,48,4F,52,4E,45,54,35
16:06:37.658 -> -73, 02,01,06,07,16,09,18,D3,30,00,FE,04,16,0F,18,05,08,09,48,4F,52,4E,45,54,35
16:06:37.658 -> -68, 02,01,06,07,16,09,18,D3,30,00,FE,04,16,0F,18,05,08,09,48,4F,52,4E,45,54,35
16:06:37.658 -> -69, 02,01,06,07,16,09,18,D3,30,00,FE,04,16,0F,18,05,08,09,48,4F,52,4E,45,54,35
16:06:37.703 -> -67, 02,01,06,07,16,09,18,D3,30,00,FE,04,16,0F,18,05,08,09,48,4F,52,4E,45,54,35
16:06:37.703 -> -69, 02,01,06,07,16,09,18,D3,30,00,FE,04,16,0F,18,05,08,09,48,4F,52,4E,45,54,35
16:06:37.703 -> -68, 02,01,06,07,16,09,18,D3,30,00,FE,04,16,0F,18,05,08,09,48,4F,52,4E,45,54,35
16:06:37.759 -> -68, 02,01,06,07,16,09,18,D3,30,00,FE,04,16,0F,18,05,08,09,48,4F,52,4E,45,54,35
16:06:37.759 -> -69, 02,01,06,07,16,09,18,D3,30,00,FE,04,16,0F,18,05,08,09,48,4F,52,4E,45,54,35
16:06:37.759 -> -69, 02,01,06,07,16,09,18,D3,30,00,FE,04,16,0F,18,05,08,09,48,4F,52,4E,45,54,35
16:06:37.759 -> -69, 02,01,06,07,16,09,18,D3,30,00,FE,04,16,0F,18,05,08,09,48,4F,52,4E,45,54,35
16:06:37.796 -> -68, 02,01,06,07,16,09,18,D3,30,00,FE,04,16,0F,18,05,08,09,48,4F,52,4E,45,54,35
16:06:37.796 -> -68, 02,01,06,07,16,09,18,D3,30,00,FE,04,16,0F,18,05,08,09,48,4F,52,4E,45,54,35
16:06:37.796 -> -68, 02,01,06,07,16,09,18,D3,30,00,FE,04,16,0F,18,05,08,09,48,4F,52,4E,45,54,35
16:06:37.844 -> -68, 02,01,06,07,16,09,18,D3,30,00,FE,04,16,0F,18,05,08,09,48,4F,52,4E,45,54,35
16:06:37.844 -> -68, 02,01,06,07,16,09,18,D3,30,00,FE,04,16,0F,18,05,08,09,48,4F,52,4E,45,54,35
16:06:37.844 -> -68, 02,01,06,07,16,09,18,D3,30,00,FE,04,16,0F,18,05,08,09,48,4F,52,4E,45,54,35
16:06:37.844 -> -68, 02,01,06,07,16,09,18,D3,30,00,FE,04,16,0F,18,05,08,09,48,4F,52,4E,45,54,35
16:06:37.891 -> -68, 02,01,06,07,16,09,18,D3,30,00,FE,04,16,0F,18,05,08,09,48,4F,52,4E,45,54,35
16:06:37.891 -> -68, 02,01,06,07,16,09,18,D3,30,00,FE,04,16,0F,18,05,08,09,48,4F,52,4E,45,54,35
16:06:37.891 -> -68, 02,01,06,07,16,09,18,D3,30,00,FE,04,16,0F,18,05,08,09,48,4F,52,4E,45,54,35
16:06:37.939 -> -69, 02,01,06,07,16,09,18,D3,30,00,FE,04,16,0F,18,05,08,09,48,4F,52,4E,45,54,35
16:06:37.939 -> -68, 02,01,06,07,16,09,18,D3,30,00,FE,04,16,0F,18,05,08,09,48,4F,52,4E,45,54,35
16:06:37.939 -> -70, 02,01,06,07,16,09,18,D3,30,00,FE,04,16,0F,18,05,08,09,48,4F,52,4E,45,54,35
16:06:37.985 -> -70, 02,01,06,07,16,09,18,D3,30,00,FE,04,16,0F,18,05,08,09,48,4F,52,4E,45,54,35
16:06:37.985 -> -70, 02,01,06,07,16,09,18,D3,30,00,FE,04,16,0F,18,05,08,09,48,4F,52,4E,45,54,35
16:06:37.985 -> -70, 02,01,06,07,16,09,18,D3,30,00,FE,04,16,0F,18,05,08,09,48,4F,52,4E,45,54,35
16:06:37.985 -> -70, 02,01,06,07,16,09,18,D3,30,00,FE,04,16,0F,18,05,08,09,48,4F,52,4E,45,54,35
16:06:38.031 -> -70, 02,01,06,07,16,09,18,D3,30,00,FE,04,16,0F,18,05,08,09,48,4F,52,4E,45,54,35
16:06:38.031 -> -70, 02,01,06,07,16,09,18,D3,30,00,FE,04,16,0F,18,05,08,09,48,4F,52,4E,45,54,35
16:06:38.031 -> -70, 02,01,06,07,16,09,18,D3,30,00,FE,04,16,0F,18,05,08,09,48,4F,52,4E,45,54,35
16:06:38.031 -> -70, 02,01,06,07,16,09,18,D3,30,00,FE,04,16,0F,18,05,08,09,48,4F,52,4E,45,54,35
16:06:38.079 -> -70, 02,01,06,07,16,09,18,D3,30,00,FE,04,16,0F,18,05,08,09,48,4F,52,4E,45,54,35
16:06:38.079 -> -70, 02,01,06,07,16,09,18,D3,30,00,FE,04,16,0F,18,05,08,09,48,4F,52,4E,45,54,35
16:06:38.079 -> -70, 02,01,06,07,16,09,18,D3,30,00,FE,04,16,0F,18,05,08,09,48,4F,52,4E,45,54,35
16:06:38.079 -> -70, 02,01,06,07,16,09,18,D3,30,00,FE,04,16,0F,18,05,08,09,48,4F,52,4E,45,54,35
16:06:38.125 -> -70, 02,01,06,07,16,09,18,D3,30,00,FE,04,16,0F,18,05,08,09,48,4F,52,4E,45,54,35
16:06:38.125 -> -70, 02,01,06,07,16,09,18,D3,30,00,FE,04,16,0F,18,05,08,09,48,4F,52,4E,45,54,35
16:06:38.125 -> -70, 02,01,06,07,16,09,18,D3,30,00,FE,04,16,0F,18,05,08,09,48,4F,52,4E,45,54,35
16:06:38.125 -> -70, 02,01,06,07,16,09,18,D3,30,00,FE,04,16,0F,18,05,08,09,48,4F,52,4E,45,54,35
16:06:38.172 -> -70, 02,01,06,07,16,09,18,D3,30,00,FE,04,16,0F,18,05,08,09,48,4F,52,4E,45,54,35
16:06:38.172 -> -70, 02,01,06,07,16,09,18,D3,30,00,FE,04,16,0F,18,05,08,09,48,4F,52,4E,45,54,35
16:06:38.172 -> -70, 02,01,06,07,16,09,18,D3,30,00,FE,04,16,0F,18,05,08,09,48,4F,52,4E,45,54,35
16:06:38.172 -> -70, 02,01,06,07,16,09,18,D3,30,00,FE,04,16,0F,18,05,08,09,48,4F,52,4E,45,54,35
16:06:38.219 -> -70, 02,01,06,07,16,09,18,D3,30,00,FE,04,16,0F,18,05,08,09,48,4F,52,4E,45,54,35
16:06:38.219 -> -70, 02,01,06,07,16,09,18,D3,30,00,FE,04,16,0F,18,05,08,09,48,4F,52,4E,45,54,35
16:06:38.219 -> -70, 02,01,06,07,16,09,18,D3,30,00,FE,04,16,0F,18,05,08,09,48,4F,52,4E,45,54,35
16:06:38.266 -> -70, 02,01,06,07,16,09,18,D3,30,00,FE,04,16,0F,18,05,08,09,48,4F,52,4E,45,54,35
16:06:38.266 -> -70, 02,01,06,07,16,09,18,D3,30,00,FE,04,16,0F,18,05,08,09,48,4F,52,4E,45,54,35
16:06:38.266 -> -70, 02,01,06,07,16,09,18,D3,30,00,FE,04,16,0F,18,05,08,09,48,4F,52,4E,45,54,35
16:06:38.266 -> -70, 02,01,06,07,16,09,18,D3,30,00,FE,04,16,0F,18,05,08,09,48,4F,52,4E,45,54,35
16:06:38.313 -> -70, 02,01,06,07,16,09,18,D3,30,00,FE,04,16,0F,18,05,08,09,48,4F,52,4E,45,54,35
16:06:38.313 -> -70, 02,01,06,07,16,09,18,D3,30,00,FE,04,16,0F,18,05,08,09,48,4F,52,4E,45,54,35
16:06:38.313 -> -70, 02,01,06,07,16,09,18,D3,30,00,FE,04,16,0F,18,05,08,09,48,4F,52,4E,45,54,35
16:06:38.313 -> -70, 02,01,06,07,16,09,18,D3,30,00,FE,04,16,0F,18,05,08,09,48,4F,52,4E,45,54,35
16:06:38.414 -> -70, 02,01,06,07,16,09,18,D3,30,00,FE,04,16,0F,18,05,08,09,48,4F,52,4E,45,54,35
16:06:38.414 -> -70, 02,01,06,07,16,09,18,D3,30,00,FE,04,16,0F,18,05,08,09,48,4F,52,4E,45,54,35
16:06:38.414 -> -71, 02,01,06,07,16,09,18,D3,30,00,FE,04,16,0F,18,05,08,09,48,4F,52,4E,45,54,35
16:06:38.414 -> -70, 02,01,06,07,16,09,18,D3,30,00,FE,04,16,0F,18,05,08,09,48,4F,52,4E,45,54,35
16:06:38.414 -> -70, 02,01,06,07,16,09,18,D3,30,00,FE,04,16,0F,18,05,08,09,48,4F,52,4E,45,54,35
16:06:38.414 -> -70, 02,01,06,07,16,09,18,D3,30,00,FE,04,16,0F,18,05,08,09,48,4F,52,4E,45,54,35
16:06:38.414 -> -70, 02,01,06,07,16,09,18,D3,30,00,FE,04,16,0F,18,05,08,09,48,4F,52,4E,45,54,35
16:06:38.414 -> -70, 02,01,06,07,16,09,18,D3,30,00,FE,04,16,0F,18,05,08,09,48,4F,52,4E,45,54,35
16:06:38.471 -> -70, 02,01,06,07,16,09,18,D3,30,00,FE,04,16,0F,18,05,08,09,48,4F,52,4E,45,54,35
16:06:38.471 -> -69, 02,01,06,07,16,09,18,D3,30,00,FE,04,16,0F,18,05,08,09,48,4F,52,4E,45,54,35
16:06:38.471 -> -69, 02,01,06,07,16,09,18,D3,30,00,FE,04,16,0F,18,05,08,09,48,4F,52,4E,45,54,35
16:06:38.484 -> -69, 02,01,06,07,16,09,18,D3,30,00,FE,04,16,0F,18,05,08,09,48,4F,52,4E,45,54,35
16:06:38.484 -> -69, 02,01,06,07,16,09,18,D3,30,00,FE,04,16,0F,18,05,08,09,48,4F,52,4E,45,54,35
16:06:38.484 -> -69, 02,01,06,07,16,09,18,D3,30,00,FE,04,16,0F,18,05,08,09,48,4F,52,4E,45,54,35
16:06:38.501 -> -69, 02,01,06,07,16,09,18,D3,30,00,FE,04,16,0F,18,05,08,09,48,4F,52,4E,45,54,35
16:06:38.547 -> -69, 02,01,06,07,16,09,18,D3,30,00,FE,04,16,0F,18,05,08,09,48,4F,52,4E,45,54,35
16:06:38.547 -> -69, 02,01,06,07,16,09,18,D3,30,00,FE,04,16,0F,18,05,08,09,48,4F,52,4E,45,54,35
16:06:38.547 -> -69, 02,01,06,07,16,09,18,D3,30,00,FE,04,16,0F,18,05,08,09,48,4F,52,4E,45,54,35
16:06:38.547 -> -69, 02,01,06,07,16,09,18,D3,30,00,FE,04,16,0F,18,05,08,09,48,4F,52,4E,45,54,35
16:06:38.594 -> -69, 02,01,06,07,16,09,18,D3,30,00,FE,04,16,0F,18,05,08,09,48,4F,52,4E,45,54,35
16:06:38.594 -> -69, 02,01,06,07,16,09,18,D3,30,00,FE,04,16,0F,18,05,08,09,48,4F,52,4E,45,54,35
16:06:38.594 -> -69, 02,01,06,07,16,09,18,D3,30,00,FE,04,16,0F,18,05,08,09,48,4F,52,4E,45,54,35
16:06:38.690 -> -69, 02,01,06,07,16,09,18,D3,30,00,FE,04,16,0F,18,05,08,09,48,4F,52,4E,45,54,35
16:06:38.690 -> -69, 02,01,06,07,16,09,18,D3,30,00,FE,04,16,0F,18,05,08,09,48,4F,52,4E,45,54,35
16:06:38.690 -> -69, 02,01,06,07,16,09,18,D3,30,00,FE,04,16,0F,18,05,08,09,48,4F,52,4E,45,54,35
16:06:38.737 -> -68, 02,01,06,07,16,09,18,D3,30,00,FE,04,16,0F,18,05,08,09,48,4F,52,4E,45,54,35
16:06:38.737 -> -69, 02,01,06,07,16,09,18,D3,30,00,FE,04,16,0F,18,05,08,09,48,4F,52,4E,45,54,35
16:06:38.737 -> -69, 02,01,06,07,16,09,18,D3,30,00,FE,04,16,0F,18,05,08,09,48,4F,52,4E,45,54,35
16:06:38.737 -> -69, 02,01,06,07,16,09,18,D3,30,00,FE,04,16,0F,18,05,08,09,48,4F,52,4E,45,54,35
16:06:38.782 -> -69, 02,01,06,07,16,09,18,D3,30,00,FE,04,16,0F,18,05,08,09,48,4F,52,4E,45,54,35
16:06:38.782 -> -69, 02,01,06,07,16,09,18,D3,30,00,FE,04,16,0F,18,05,08,09,48,4F,52,4E,45,54,35
16:06:38.782 -> -69, 02,01,06,07,16,09,18,D3,30,00,FE,04,16,0F,18,05,08,09,48,4F,52,4E,45,54,35
16:06:38.782 -> -69, 02,01,06,07,16,09,18,D3,30,00,FE,04,16,0F,18,05,08,09,48,4F,52,4E,45,54,35
16:06:38.828 -> -69, 02,01,06,07,16,09,18,D3,30,00,FE,04,16,0F,18,05,08,09,48,4F,52,4E,45,54,35
16:06:38.828 -> -69, 02,01,06,07,16,09,18,D3,30,00,FE,04,16,0F,18,05,08,09,48,4F,52,4E,45,54,35
16:06:38.828 -> -69, 02,01,06,07,16,09,18,D3,30,00,FE,04,16,0F,18,05,08,09,48,4F,52,4E,45,54,35
16:06:38.828 -> -68, 02,01,06,07,16,09,18,D3,30,00,FE,04,16,0F,18,05,08,09,48,4F,52,4E,45,54,35
16:06:38.876 -> -69, 02,01,06,07,16,09,18,D3,30,00,FE,04,16,0F,18,05,08,09,48,4F,52,4E,45,54,35
16:06:38.876 -> -69, 02,01,06,07,16,09,18,D3,30,00,FE,04,16,0F,18,05,08,09,48,4F,52,4E,45,54,35
16:06:38.876 -> -69, 02,01,06,07,16,09,18,D3,30,00,FE,04,16,0F,18,05,08,09,48,4F,52,4E,45,54,35
16:06:38.923 -> -68, 02,01,06,07,16,09,18,D3,30,00,FE,04,16,0F,18,05,08,09,48,4F,52,4E,45,54,35
16:06:38.923 -> -68, 02,01,06,07,16,09,18,D3,30,00,FE,04,16,0F,18,05,08,09,48,4F,52,4E,45,54,35
16:06:38.923 -> -68, 02,01,06,07,16,09,18,D3,30,00,FE,04,16,0F,18,05,08,09,48,4F,52,4E,45,54,35
16:06:38.923 -> -68, 02,01,06,07,16,09,18,D3,30,00,FE,04,16,0F,18,05,08,09,48,4F,52,4E,45,54,35
16:06:38.970 -> -69, 02,01,06,07,16,09,18,D3,30,00,FE,04,16,0F,18,05,08,09,48,4F,52,4E,45,54,35
16:06:38.970 -> -68, 02,01,06,07,16,09,18,D3,30,00,FE,04,16,0F,18,05,08,09,48,4F,52,4E,45,54,35
16:06:38.970 -> -69, 02,01,06,07,16,09,18,D3,30,00,FE,04,16,0F,18,05,08,09,48,4F,52,4E,45,54,35
16:06:39.016 -> -68, 02,01,06,07,16,09,18,D3,30,00,FE,04,16,0F,18,05,08,09,48,4F,52,4E,45,54,35
16:06:39.016 -> -69, 02,01,06,07,16,09,18,D3,30,00,FE,04,16,0F,18,05,08,09,48,4F,52,4E,45,54,35
16:06:39.064 -> -68, 02,01,06,07,16,09,18,D3,30,00,FE,04,16,0F,18,05,08,09,48,4F,52,4E,45,54,35
16:06:39.064 -> -68, 02,01,06,07,16,09,18,D3,30,00,FE,04,16,0F,18,05,08,09,48,4F,52,4E,45,54,35
16:06:39.110 -> -69, 02,01,06,07,16,09,18,D3,30,00,FE,04,16,0F,18,05,08,09,48,4F,52,4E,45,54,35
16:06:39.110 -> -69, 02,01,06,07,16,09,18,D3,30,00,FE,04,16,0F,18,05,08,09,48,4F,52,4E,45,54,35
16:06:39.110 -> -68, 02,01,06,07,16,09,18,D3,30,00,FE,04,16,0F,18,05,08,09,48,4F,52,4E,45,54,35
16:06:39.110 -> -68, 02,01,06,07,16,09,18,D3,30,00,FE,04,16,0F,18,05,08,09,48,4F,52,4E,45,54,35
16:06:39.110 -> -68, 02,01,06,07,16,09,18,D3,30,00,FE,04,16,0F,18,05,08,09,48,4F,52,4E,45,54,35
16:06:39.156 -> -68, 02,01,06,07,16,09,18,D3,30,00,FE,04,16,0F,18,05,08,09,48,4F,52,4E,45,54,35
16:06:39.156 -> -68, 02,01,06,07,16,09,18,D3,30,00,FE,04,16,0F,18,05,08,09,48,4F,52,4E,45,54,35
16:06:39.156 -> -68, 02,01,06,07,16,09,18,D3,30,00,FE,04,16,0F,18,05,08,09,48,4F,52,4E,45,54,35
16:06:39.203 -> -69, 02,01,06,07,16,09,18,D3,30,00,FE,04,16,0F,18,05,08,09,48,4F,52,4E,45,54,35
16:06:39.250 -> -68, 02,01,06,07,16,09,18,D3,30,00,FE,04,16,0F,18,05,08,09,48,4F,52,4E,45,54,35
16:06:39.250 -> -68, 02,01,06,07,16,09,18,D3,30,00,FE,04,16,0F,18,05,08,09,48,4F,52,4E,45,54,35
16:06:39.250 -> -68, 02,01,06,07,16,09,18,D3,30,00,FE,04,16,0F,18,05,08,09,48,4F,52,4E,45,54,35
16:06:39.298 -> -68, 02,01,06,07,16,09,18,D3,30,00,FE,04,16,0F,18,05,08,09,48,4F,52,4E,45,54,35
16:06:39.298 -> -68, 02,01,06,07,16,09,18,D3,30,00,FE,04,16,0F,18,05,08,09,48,4F,52,4E,45,54,35
16:06:39.298 -> -68, 02,01,06,07,16,09,18,D3,30,00,FE,04,16,0F,18,05,08,09,48,4F,52,4E,45,54,35
16:06:39.346 -> -68, 02,01,06,07,16,09,18,D3,30,00,FE,04,16,0F,18,05,08,09,48,4F,52,4E,45,54,35
16:06:39.346 -> -68, 02,01,06,07,16,09,18,D3,30,00,FE,04,16,0F,18,05,08,09,48,4F,52,4E,45,54,35
16:06:39.346 -> -68, 02,01,06,07,16,09,18,D3,30,00,FE,04,16,0F,18,05,08,09,48,4F,52,4E,45,54,35
16:06:39.393 -> -68, 02,01,06,07,16,09,18,D3,30,00,FE,04,16,0F,18,05,08,09,48,4F,52,4E,45,54,35
16:06:39.393 -> -68, 02,01,06,07,16,09,18,D3,30,00,FE,04,16,0F,18,05,08,09,48,4F,52,4E,45,54,35
16:06:39.439 -> -68, 02,01,06,07,16,09,18,D3,30,00,FE,04,16,0F,18,05,08,09,48,4F,52,4E,45,54,35
16:06:39.439 -> -68, 02,01,06,07,16,09,18,D3,30,00,FE,04,16,0F,18,05,08,09,48,4F,52,4E,45,54,35
16:06:39.439 -> -69, 02,01,06,07,16,09,18,D3,30,00,FE,04,16,0F,18,05,08,09,48,4F,52,4E,45,54,35
16:06:39.439 -> -70, 02,01,06,07,16,09,18,D3,30,00,FE,04,16,0F,18,05,08,09,48,4F,52,4E,45,54,35
16:06:39.485 -> -70, 02,01,06,07,16,09,18,D3,30,00,FE,04,16,0F,18,05,08,09,48,4F,52,4E,45,54,35
16:06:39.485 -> -70, 02,01,06,07,16,09,18,D3,30,00,FE,04,16,0F,18,05,08,09,48,4F,52,4E,45,54,35
16:06:39.485 -> -70, 02,01,06,07,16,09,18,D3,30,00,FE,04,16,0F,18,05,08,09,48,4F,52,4E,45,54,35
16:06:39.485 -> -70, 02,01,06,07,16,09,18,D3,30,00,FE,04,16,0F,18,05,08,09,48,4F,52,4E,45,54,35
16:06:39.532 -> -70, 02,01,06,07,16,09,18,D3,30,00,FE,04,16,0F,18,05,08,09,48,4F,52,4E,45,54,35
16:06:39.532 -> -70, 02,01,06,07,16,09,18,D3,30,00,FE,04,16,0F,18,05,08,09,48,4F,52,4E,45,54,35
16:06:39.532 -> -70, 02,01,06,07,16,09,18,D3,30,00,FE,04,16,0F,18,05,08,09,48,4F,52,4E,45,54,35
16:06:39.579 -> -70, 02,01,06,07,16,09,18,D3,30,00,FE,04,16,0F,18,05,08,09,48,4F,52,4E,45,54,35
16:06:39.579 -> -70, 02,01,06,07,16,09,18,D3,30,00,FE,04,16,0F,18,05,08,09,48,4F,52,4E,45,54,35
16:06:39.579 -> -70, 02,01,06,07,16,09,18,D3,30,00,FE,04,16,0F,18,05,08,09,48,4F,52,4E,45,54,35
16:06:39.579 -> -69, 02,01,06,07,16,09,18,D3,30,00,FE,04,16,0F,18,05,08,09,48,4F,52,4E,45,54,35
16:06:39.626 -> -70, 02,01,06,07,16,09,18,D3,30,00,FE,04,16,0F,18,05,08,09,48,4F,52,4E,45,54,35
16:06:39.626 -> -67, 02,01,06,07,16,09,18,D3,30,00,FE,04,16,0F,18,05,08,09,48,4F,52,4E,45,54,35
16:06:39.626 -> -69, 02,01,06,07,16,09,18,D3,30,00,FE,04,16,0F,18,05,08,09,48,4F,52,4E,45,54,35
16:06:39.626 -> -70, 02,01,06,07,16,09,18,D3,30,00,FE,04,16,0F,18,05,08,09,48,4F,52,4E,45,54,35
16:06:39.672 -> -69, 02,01,06,07,16,09,18,D3,30,00,FE,04,16,0F,18,05,08,09,48,4F,52,4E,45,54,35
16:06:39.672 -> -69, 02,01,06,07,16,09,18,D3,30,00,FE,04,16,0F,18,05,08,09,48,4F,52,4E,45,54,35
16:06:39.672 -> -70, 02,01,06,07,16,09,18,D3,30,00,FE,04,16,0F,18,05,08,09,48,4F,52,4E,45,54,35
16:06:39.719 -> -70, 02,01,06,07,16,09,18,D3,30,00,FE,04,16,0F,18,05,08,09,48,4F,52,4E,45,54,35
16:06:39.719 -> -70, 02,01,06,07,16,09,18,D3,30,00,FE,04,16,0F,18,05,08,09,48,4F,52,4E,45,54,35
16:06:39.719 -> -69, 02,01,06,07,16,09,18,D3,30,00,FE,04,16,0F,18,05,08,09,48,4F,52,4E,45,54,35
16:06:39.719 -> -70, 02,01,06,07,16,09,18,D3,30,00,FE,04,16,0F,18,05,08,09,48,4F,52,4E,45,54,35
16:06:39.719 -> -70, 02,01,06,07,16,09,18,D3,30,00,FE,04,16,0F,18,05,08,09,48,4F,52,4E,45,54,35
16:06:39.766 -> -70, 02,01,06,07,16,09,18,D3,30,00,FE,04,16,0F,18,05,08,09,48,4F,52,4E,45,54,35
16:06:39.766 -> -69, 02,01,06,07,16,09,18,D3,30,00,FE,04,16,0F,18,05,08,09,48,4F,52,4E,45,54,35
16:06:39.766 -> -70, 02,01,06,07,16,09,18,D3,30,00,FE,04,16,0F,18,05,08,09,48,4F,52,4E,45,54,35
16:06:39.766 -> -70, 02,01,06,07,16,09,18,D3,30,00,FE,04,16,0F,18,05,08,09,48,4F,52,4E,45,54,35
16:06:39.812 -> -70, 02,01,06,07,16,09,18,D3,30,00,FE,04,16,0F,18,05,08,09,48,4F,52,4E,45,54,35
16:06:39.812 -> -70, 02,01,06,07,16,09,18,D3,30,00,FE,04,16,0F,18,05,08,09,48,4F,52,4E,45,54,35
16:06:39.812 -> -70, 02,01,06,07,16,09,18,D3,30,00,FE,04,16,0F,18,05,08,09,48,4F,52,4E,45,54,35
16:06:39.812 -> -70, 02,01,06,07,16,09,18,D3,30,00,FE,04,16,0F,18,05,08,09,48,4F,52,4E,45,54,35
16:06:39.858 -> -70, 02,01,06,07,16,09,18,D3,30,00,FE,04,16,0F,18,05,08,09,48,4F,52,4E,45,54,35
16:06:39.858 -> -69, 02,01,06,07,16,09,18,D3,30,00,FE,04,16,0F,18,05,08,09,48,4F,52,4E,45,54,35
16:06:39.858 -> -70, 02,01,06,07,16,09,18,D3,30,00,FE,04,16,0F,18,05,08,09,48,4F,52,4E,45,54,35
16:06:39.858 -> -70, 02,01,06,07,16,09,18,D3,30,00,FE,04,16,0F,18,05,08,09,48,4F,52,4E,45,54,35
16:06:39.905 -> -70, 02,01,06,07,16,09,18,D3,30,00,FE,04,16,0F,18,05,08,09,48,4F,52,4E,45,54,35
16:06:39.905 -> -69, 02,01,06,07,16,09,18,D3,30,00,FE,04,16,0F,18,05,08,09,48,4F,52,4E,45,54,35
16:06:39.905 -> -69, 02,01,06,07,16,09,18,D3,30,00,FE,04,16,0F,18,05,08,09,48,4F,52,4E,45,54,35
16:06:39.952 -> -70, 02,01,06,07,16,09,18,D3,30,00,FE,04,16,0F,18,05,08,09,48,4F,52,4E,45,54,35
16:06:39.952 -> -69, 02,01,06,07,16,09,18,D3,30,00,FE,04,16,0F,18,05,08,09,48,4F,52,4E,45,54,35
16:06:39.952 -> -69, 02,01,06,07,16,09,18,D3,30,00,FE,04,16,0F,18,05,08,09,48,4F,52,4E,45,54,35
16:06:39.952 -> -69, 02,01,06,07,16,09,18,D3,30,00,FE,04,16,0F,18,05,08,09,48,4F,52,4E,45,54,35
16:06:39.952 -> -69, 02,01,06,07,16,09,18,D3,30,00,FE,04,16,0F,18,05,08,09,48,4F,52,4E,45,54,35
16:06:39.998 -> -69, 02,01,06,07,16,09,18,D3,30,00,FE,04,16,0F,18,05,08,09,48,4F,52,4E,45,54,35
16:06:39.998 -> -69, 02,01,06,07,16,09,18,D3,30,00,FE,04,16,0F,18,05,08,09,48,4F,52,4E,45,54,35
16:06:40.045 -> -69, 02,01,06,07,16,09,18,D3,30,00,FE,04,16,0F,18,05,08,09,48,4F,52,4E,45,54,35
16:06:40.045 -> -69, 02,01,06,07,16,09,18,D3,30,00,FE,04,16,0F,18,05,08,09,48,4F,52,4E,45,54,35
16:06:40.045 -> -69, 02,01,06,07,16,09,18,D3,30,00,FE,04,16,0F,18,05,08,09,48,4F,52,4E,45,54,35
16:06:40.045 -> -69, 02,01,06,07,16,09,18,D3,30,00,FE,04,16,0F,18,05,08,09,48,4F,52,4E,45,54,35
16:06:40.092 -> -69, 02,01,06,07,16,09,18,D3,30,00,FE,04,16,0F,18,05,08,09,48,4F,52,4E,45,54,35
16:06:40.092 -> -69, 02,01,06,07,16,09,18,D3,30,00,FE,04,16,0F,18,05,08,09,48,4F,52,4E,45,54,35
16:06:40.092 -> -69, 02,01,06,07,16,09,18,D3,30,00,FE,04,16,0F,18,05,08,09,48,4F,52,4E,45,54,35
16:06:40.139 -> -68, 02,01,06,07,16,09,18,D3,30,00,FE,04,16,0F,18,05,08,09,48,4F,52,4E,45,54,35
16:06:40.139 -> -69, 02,01,06,07,16,09,18,D3,30,00,FE,04,16,0F,18,05,08,09,48,4F,52,4E,45,54,35
16:06:40.139 -> -69, 02,01,06,07,16,09,18,D3,30,00,FE,04,16,0F,18,05,08,09,48,4F,52,4E,45,54,35
16:06:40.139 -> -68, 02,01,06,07,16,09,18,D3,30,00,FE,04,16,0F,18,05,08,09,48,4F,52,4E,45,54,35
16:06:40.185 -> -69, 02,01,06,07,16,09,18,D3,30,00,FE,04,16,0F,18,05,08,09,48,4F,52,4E,45,54,35
16:06:40.185 -> -69, 02,01,06,07,16,09,18,D3,30,00,FE,04,16,0F,18,05,08,09,48,4F,52,4E,45,54,35
16:06:40.185 -> -68, 02,01,06,07,16,09,18,D3,30,00,FE,04,16,0F,18,05,08,09,48,4F,52,4E,45,54,35
16:06:40.185 -> -69, 02,01,06,07,16,09,18,D3,30,00,FE,04,16,0F,18,05,08,09,48,4F,52,4E,45,54,35
16:06:40.232 -> -69, 02,01,06,07,16,09,18,D3,30,00,FE,04,16,0F,18,05,08,09,48,4F,52,4E,45,54,35
16:06:40.232 -> -69, 02,01,06,07,16,09,18,D3,30,00,FE,04,16,0F,18,05,08,09,48,4F,52,4E,45,54,35
16:06:40.279 -> -69, 02,01,06,07,16,09,18,D3,30,00,FE,04,16,0F,18,05,08,09,48,4F,52,4E,45,54,35
16:06:40.279 -> -69, 02,01,06,07,16,09,18,D3,30,00,FE,04,16,0F,18,05,08,09,48,4F,52,4E,45,54,35
16:06:40.325 -> -68, 02,01,06,07,16,09,18,D3,30,00,FE,04,16,0F,18,05,08,09,48,4F,52,4E,45,54,35
16:06:40.325 -> -69, 02,01,06,07,16,09,18,D3,30,00,FE,04,16,0F,18,05,08,09,48,4F,52,4E,45,54,35
16:06:40.325 -> -69, 02,01,06,07,16,09,18,D3,30,00,FE,04,16,0F,18,05,08,09,48,4F,52,4E,45,54,35
16:06:40.325 -> -69, 02,01,06,07,16,09,18,D3,30,00,FE,04,16,0F,18,05,08,09,48,4F,52,4E,45,54,35
16:06:40.371 -> -69, 02,01,06,07,16,09,18,D3,30,00,FE,04,16,0F,18,05,08,09,48,4F,52,4E,45,54,35
16:06:40.371 -> -69, 02,01,06,07,16,09,18,D3,30,00,FE,04,16,0F,18,05,08,09,48,4F,52,4E,45,54,35
16:06:40.371 -> -69, 02,01,06,07,16,09,18,D3,30,00,FE,04,16,0F,18,05,08,09,48,4F,52,4E,45,54,35
16:06:40.418 -> -69, 02,01,06,07,16,09,18,D3,30,00,FE,04,16,0F,18,05,08,09,48,4F,52,4E,45,54,35
16:06:40.418 -> -69, 02,01,06,07,16,09,18,D3,30,00,FE,04,16,0F,18,05,08,09,48,4F,52,4E,45,54,35
16:06:40.465 -> -69, 02,01,06,07,16,09,18,D3,30,00,FE,04,16,0F,18,05,08,09,48,4F,52,4E,45,54,35
16:06:40.465 -> -69, 02,01,06,07,16,09,18,D3,30,00,FE,04,16,0F,18,05,08,09,48,4F,52,4E,45,54,35
16:06:40.465 -> -69, 02,01,06,07,16,09,18,D3,30,00,FE,04,16,0F,18,05,08,09,48,4F,52,4E,45,54,35
16:06:40.517 -> -69, 02,01,06,07,16,09,18,D3,30,00,FE,04,16,0F,18,05,08,09,48,4F,52,4E,45,54,35
16:06:40.517 -> -68, 02,01,06,07,16,09,18,D3,30,00,FE,04,16,0F,18,05,08,09,48,4F,52,4E,45,54,35
16:06:40.517 -> -68, 02,01,06,07,16,09,18,D3,30,00,FE,04,16,0F,18,05,08,09,48,4F,52,4E,45,54,35
16:06:40.560 -> -68, 02,01,06,07,16,09,18,D3,30,00,FE,04,16,0F,18,05,08,09,48,4F,52,4E,45,54,35
16:06:40.560 -> -69, 02,01,06,07,16,09,18,D3,30,00,FE,04,16,0F,18,05,08,09,48,4F,52,4E,45,54,35
16:06:40.560 -> -68, 02,01,06,07,16,09,18,D3,30,00,FE,04,16,0F,18,05,08,09,48,4F,52,4E,45,54,35
16:06:40.606 -> -68, 02,01,06,07,16,09,18,D3,30,00,FE,04,16,0F,18,05,08,09,48,4F,52,4E,45,54,35
16:06:40.606 -> -69, 02,01,06,07,16,09,18,D3,30,00,FE,04,16,0F,18,05,08,09,48,4F,52,4E,45,54,35
16:06:40.606 -> -69, 02,01,06,07,16,09,18,D3,30,00,FE,04,16,0F,18,05,08,09,48,4F,52,4E,45,54,35
16:06:40.606 -> -68, 02,01,06,07,16,09,18,D3,30,00,FE,04,16,0F,18,05,08,09,48,4F,52,4E,45,54,35
16:06:40.655 -> -68, 02,01,06,07,16,09,18,D3,30,00,FE,04,16,0F,18,05,08,09,48,4F,52,4E,45,54,35
16:06:40.655 -> -69, 02,01,06,07,16,09,18,D3,30,00,FE,04,16,0F,18,05,08,09,48,4F,52,4E,45,54,35
16:06:40.655 -> -69, 02,01,06,07,16,09,18,D3,30,00,FE,04,16,0F,18,05,08,09,48,4F,52,4E,45,54,35
16:06:40.700 -> -68, 02,01,06,07,16,09,18,D3,30,00,FE,04,16,0F,18,05,08,09,48,4F,52,4E,45,54,35
16:06:40.700 -> -69, 02,01,06,07,16,09,18,D3,30,00,FE,04,16,0F,18,05,08,09,48,4F,52,4E,45,54,35
16:06:40.747 -> -69, 02,01,06,07,16,09,18,D3,30,00,FE,04,16,0F,18,05,08,09,48,4F,52,4E,45,54,35
16:06:40.747 -> -68, 02,01,06,07,16,09,18,D3,30,00,FE,04,16,0F,18,05,08,09,48,4F,52,4E,45,54,35
16:06:40.747 -> -69, 02,01,06,07,16,09,18,D3,30,00,FE,04,16,0F,18,05,08,09,48,4F,52,4E,45,54,35
16:06:40.747 -> -68, 02,01,06,07,16,09,18,D3,30,00,FE,04,16,0F,18,05,08,09,48,4F,52,4E,45,54,35
16:06:40.793 -> -68, 02,01,06,07,16,09,18,D3,30,00,FE,04,16,0F,18,05,08,09,48,4F,52,4E,45,54,35
16:06:40.793 -> -69, 02,01,06,07,16,09,18,D3,30,00,FE,04,16,0F,18,05,08,09,48,4F,52,4E,45,54,35
16:06:40.793 -> -69, 02,01,06,07,16,09,18,D3,30,00,FE,04,16,0F,18,05,08,09,48,4F,52,4E,45,54,35
16:06:40.793 -> -69, 02,01,06,07,16,09,18,D3,30,00,FE,04,16,0F,18,05,08,09,48,4F,52,4E,45,54,35
16:06:40.840 -> -69, 02,01,06,07,16,09,18,D3,30,00,FE,04,16,0F,18,05,08,09,48,4F,52,4E,45,54,35
16:06:40.840 -> -69, 02,01,06,07,16,09,18,D3,30,00,FE,04,16,0F,18,05,08,09,48,4F,52,4E,45,54,35
16:06:40.840 -> -69, 02,01,06,07,16,09,18,D3,30,00,FE,04,16,0F,18,05,08,09,48,4F,52,4E,45,54,35
16:06:40.887 -> -69, 02,01,06,07,16,09,18,D3,30,00,FE,04,16,0F,18,05,08,09,48,4F,52,4E,45,54,35
16:06:40.932 -> -69, 02,01,06,07,16,09,18,D3,30,00,FE,04,16,0F,18,05,08,09,48,4F,52,4E,45,54,35
16:06:40.932 -> -70, 02,01,06,07,16,09,18,D3,30,00,FE,04,16,0F,18,05,08,09,48,4F,52,4E,45,54,35
16:06:40.988 -> -70, 02,01,06,07,16,09,18,D3,30,00,FE,04,16,0F,18,05,08,09,48,4F,52,4E,45,54,35
16:06:40.988 -> -70, 02,01,06,07,16,09,18,D3,30,00,FE,04,16,0F,18,05,08,09,48,4F,52,4E,45,54,35
16:06:40.988 -> -70, 02,01,06,07,16,09,18,D3,30,00,FE,04,16,0F,18,05,08,09,48,4F,52,4E,45,54,35
16:06:40.988 -> -70, 02,01,06,07,16,09,18,D3,30,00,FE,04,16,0F,18,05,08,09,48,4F,52,4E,45,54,35
16:06:40.988 -> -69, 02,01,06,07,16,09,18,D3,30,00,FE,04,16,0F,18,05,08,09,48,4F,52,4E,45,54,35
16:06:41.028 -> -70, 02,01,06,07,16,09,18,D3,30,00,FE,04,16,0F,18,05,08,09,48,4F,52,4E,45,54,35
16:06:41.028 -> -69, 02,01,06,07,16,09,18,D3,30,00,FE,04,16,0F,18,05,08,09,48,4F,52,4E,45,54,35
16:06:41.028 -> -70, 02,01,06,07,16,09,18,D3,30,00,FE,04,16,0F,18,05,08,09,48,4F,52,4E,45,54,35
16:06:41.028 -> -70, 02,01,06,07,16,09,18,D3,30,00,FE,04,16,0F,18,05,08,09,48,4F,52,4E,45,54,35
16:06:41.075 -> -69, 02,01,06,07,16,09,18,D3,30,00,FE,04,16,0F,18,05,08,09,48,4F,52,4E,45,54,35
16:06:41.075 -> -70, 02,01,06,07,16,09,18,D3,30,00,FE,04,16,0F,18,05,08,09,48,4F,52,4E,45,54,35
16:06:41.075 -> -69, 02,01,06,07,16,09,18,D3,30,00,FE,04,16,0F,18,05,08,09,48,4F,52,4E,45,54,35
16:06:41.075 -> -70, 02,01,06,07,16,09,18,D3,30,00,FE,04,16,0F,18,05,08,09,48,4F,52,4E,45,54,35
16:06:41.121 -> -70, 02,01,06,07,16,09,18,D3,30,00,FE,04,16,0F,18,05,08,09,48,4F,52,4E,45,54,35
16:06:41.121 -> -69, 02,01,06,07,16,09,18,D3,30,00,FE,04,16,0F,18,05,08,09,48,4F,52,4E,45,54,35
16:06:41.121 -> -69, 02,01,06,07,16,09,18,D3,30,00,FE,04,16,0F,18,05,08,09,48,4F,52,4E,45,54,35
16:06:41.121 -> -69, 02,01,06,07,16,09,18,D3,30,00,FE,04,16,0F,18,05,08,09,48,4F,52,4E,45,54,35
16:06:41.168 -> -70, 02,01,06,07,16,09,18,D3,30,00,FE,04,16,0F,18,05,08,09,48,4F,52,4E,45,54,35
16:06:41.168 -> -69, 02,01,06,07,16,09,18,D3,30,00,FE,04,16,0F,18,05,08,09,48,4F,52,4E,45,54,35
16:06:41.168 -> -70, 02,01,06,07,16,09,18,D3,30,00,FE,04,16,0F,18,05,08,09,48,4F,52,4E,45,54,35
16:06:41.214 -> -69, 02,01,06,07,16,09,18,D3,30,00,FE,04,16,0F,18,05,08,09,48,4F,52,4E,45,54,35
16:06:41.214 -> -69, 02,01,06,07,16,09,18,D3,30,00,FE,04,16,0F,18,05,08,09,48,4F,52,4E,45,54,35
16:06:41.214 -> -69, 02,01,06,07,16,09,18,D3,30,00,FE,04,16,0F,18,05,08,09,48,4F,52,4E,45,54,35
16:06:41.214 -> -69, 02,01,06,07,16,09,18,D3,30,00,FE,04,16,0F,18,05,08,09,48,4F,52,4E,45,54,35
16:06:41.262 -> -69, 02,01,06,07,16,09,18,D3,30,00,FE,04,16,0F,18,05,08,09,48,4F,52,4E,45,54,35
16:06:41.262 -> -69, 02,01,06,07,16,09,18,D3,30,00,FE,04,16,0F,18,05,08,09,48,4F,52,4E,45,54,35
16:06:41.262 -> -69, 02,01,06,07,16,09,18,D3,30,00,FE,04,16,0F,18,05,08,09,48,4F,52,4E,45,54,35
16:06:41.262 -> -69, 02,01,06,07,16,09,18,D3,30,00,FE,04,16,0F,18,05,08,09,48,4F,52,4E,45,54,35
16:06:41.309 -> -69, 02,01,06,07,16,09,18,D3,30,00,FE,04,16,0F,18,05,08,09,48,4F,52,4E,45,54,35
16:06:41.309 -> -69, 02,01,06,07,16,09,18,D3,30,00,FE,04,16,0F,18,05,08,09,48,4F,52,4E,45,54,35
16:06:41.309 -> -69, 02,01,06,07,16,09,18,D3,30,00,FE,04,16,0F,18,05,08,09,48,4F,52,4E,45,54,35
16:06:41.309 -> -69, 02,01,06,07,16,09,18,D3,30,00,FE,04,16,0F,18,05,08,09,48,4F,52,4E,45,54,35
16:06:41.356 -> -69, 02,01,06,07,16,09,18,D3,30,00,FE,04,16,0F,18,05,08,09,48,4F,52,4E,45,54,35
16:06:41.356 -> -69, 02,01,06,07,16,09,18,D3,30,00,FE,04,16,0F,18,05,08,09,48,4F,52,4E,45,54,35
16:06:41.356 -> -69, 02,01,06,07,16,09,18,D3,30,00,FE,04,16,0F,18,05,08,09,48,4F,52,4E,45,54,35
16:06:41.356 -> -69, 02,01,06,07,16,09,18,D3,30,00,FE,04,16,0F,18,05,08,09,48,4F,52,4E,45,54,35
16:06:41.403 -> -69, 02,01,06,07,16,09,18,D3,30,00,FE,04,16,0F,18,05,08,09,48,4F,52,4E,45,54,35
16:06:41.403 -> -69, 02,01,06,07,16,09,18,D3,30,00,FE,04,16,0F,18,05,08,09,48,4F,52,4E,45,54,35
16:06:41.403 -> -69, 02,01,06,07,16,09,18,D3,30,00,FE,04,16,0F,18,05,08,09,48,4F,52,4E,45,54,35
16:06:41.403 -> -69, 02,01,06,07,16,09,18,D3,30,00,FE,04,16,0F,18,05,08,09,48,4F,52,4E,45,54,35
16:06:41.451 -> -69, 02,01,06,07,16,09,18,D3,30,00,FE,04,16,0F,18,05,08,09,48,4F,52,4E,45,54,35
16:06:41.451 -> -69, 02,01,06,07,16,09,18,D3,30,00,FE,04,16,0F,18,05,08,09,48,4F,52,4E,45,54,35
16:06:41.451 -> -69, 02,01,06,07,16,09,18,D3,30,00,FE,04,16,0F,18,05,08,09,48,4F,52,4E,45,54,35
16:06:41.451 -> -69, 02,01,06,07,16,09,18,D3,30,00,FE,04,16,0F,18,05,08,09,48,4F,52,4E,45,54,35
16:06:41.496 -> -69, 02,01,06,07,16,09,18,D3,30,00,FE,04,16,0F,18,05,08,09,48,4F,52,4E,45,54,35
16:06:41.496 -> -67, 02,01,06,07,16,09,18,D3,30,00,FE,04,16,0F,18,05,08,09,48,4F,52,4E,45,54,35
16:06:41.496 -> -69, 02,01,06,07,16,09,18,D3,30,00,FE,04,16,0F,18,05,08,09,48,4F,52,4E,45,54,35
16:06:41.542 -> -69, 02,01,06,07,16,09,18,D3,30,00,FE,04,16,0F,18,05,08,09,48,4F,52,4E,45,54,35
16:06:41.542 -> -69, 02,01,06,07,16,09,18,D3,30,00,FE,04,16,0F,18,05,08,09,48,4F,52,4E,45,54,35
16:06:41.542 -> -69, 02,01,06,07,16,09,18,D3,30,00,FE,04,16,0F,18,05,08,09,48,4F,52,4E,45,54,35
16:06:41.589 -> -69, 02,01,06,07,16,09,18,D3,30,00,FE,04,16,0F,18,05,08,09,48,4F,52,4E,45,54,35
16:06:41.589 -> -69, 02,01,06,07,16,09,18,D3,30,00,FE,04,16,0F,18,05,08,09,48,4F,52,4E,45,54,35
16:06:41.589 -> -69, 02,01,06,07,16,09,18,D3,30,00,FE,04,16,0F,18,05,08,09,48,4F,52,4E,45,54,35
16:06:41.589 -> -69, 02,01,06,07,16,09,18,D3,30,00,FE,04,16,0F,18,05,08,09,48,4F,52,4E,45,54,35
16:06:41.589 -> -69, 02,01,06,07,16,09,18,D3,30,00,FE,04,16,0F,18,05,08,09,48,4F,52,4E,45,54,35
16:06:41.635 -> -69, 02,01,06,07,16,09,18,D3,30,00,FE,04,16,0F,18,05,08,09,48,4F,52,4E,45,54,35
16:06:41.635 -> -69, 02,01,06,07,16,09,18,D3,30,00,FE,04,16,0F,18,05,08,09,48,4F,52,4E,45,54,35
16:06:41.682 -> -69, 02,01,06,07,16,09,18,D3,30,00,FE,04,16,0F,18,05,08,09,48,4F,52,4E,45,54,35
16:06:41.682 -> -69, 02,01,06,07,16,09,18,D3,30,00,FE,04,16,0F,18,05,08,09,48,4F,52,4E,45,54,35
16:06:41.730 -> -69, 02,01,06,07,16,09,18,D3,30,00,FE,04,16,0F,18,05,08,09,48,4F,52,4E,45,54,35
16:06:41.730 -> -69, 02,01,06,07,16,09,18,D3,30,00,FE,04,16,0F,18,05,08,09,48,4F,52,4E,45,54,35
16:06:41.730 -> -69, 02,01,06,07,16,09,18,D3,30,00,FE,04,16,0F,18,05,08,09,48,4F,52,4E,45,54,35
16:06:41.730 -> -69, 02,01,06,07,16,09,18,D3,30,00,FE,04,16,0F,18,05,08,09,48,4F,52,4E,45,54,35
16:06:41.730 -> -69, 02,01,06,07,16,09,18,D3,30,00,FE,04,16,0F,18,05,08,09,48,4F,52,4E,45,54,35
16:06:41.775 -> -69, 02,01,06,07,16,09,18,D3,30,00,FE,04,16,0F,18,05,08,09,48,4F,52,4E,45,54,35
16:06:41.775 -> -69, 02,01,06,07,16,09,18,D3,30,00,FE,04,16,0F,18,05,08,09,48,4F,52,4E,45,54,35
16:06:41.821 -> -69, 02,01,06,07,16,09,18,D3,30,00,FE,04,16,0F,18,05,08,09,48,4F,52,4E,45,54,35
16:06:41.821 -> -69, 02,01,06,07,16,09,18,D3,30,00,FE,04,16,0F,18,05,08,09,48,4F,52,4E,45,54,35
16:06:41.821 -> -69, 02,01,06,07,16,09,18,D3,30,00,FE,04,16,0F,18,05,08,09,48,4F,52,4E,45,54,35
16:06:41.821 -> -69, 02,01,06,07,16,09,18,D3,30,00,FE,04,16,0F,18,05,08,09,48,4F,52,4E,45,54,35
16:06:41.868 -> -69, 02,01,06,07,16,09,18,D3,30,00,FE,04,16,0F,18,05,08,09,48,4F,52,4E,45,54,35
16:06:41.915 -> -69, 02,01,06,07,16,09,18,D3,30,00,FE,04,16,0F,18,05,08,09,48,4F,52,4E,45,54,35
16:06:41.915 -> -69, 02,01,06,07,16,09,18,D3,30,00,FE,04,16,0F,18,05,08,09,48,4F,52,4E,45,54,35
16:06:41.915 -> -69, 02,01,06,07,16,09,18,D3,30,00,FE,04,16,0F,18,05,08,09,48,4F,52,4E,45,54,35
16:06:41.960 -> -69, 02,01,06,07,16,09,18,D3,30,00,FE,04,16,0F,18,05,08,09,48,4F,52,4E,45,54,35
16:06:41.960 -> -69, 02,01,06,07,16,09,18,D3,30,00,FE,04,16,0F,18,05,08,09,48,4F,52,4E,45,54,35
16:06:42.007 -> -69, 02,01,06,07,16,09,18,D3,30,00,FE,04,16,0F,18,05,08,09,48,4F,52,4E,45,54,35
16:06:42.007 -> -69, 02,01,06,07,16,09,18,D3,30,00,FE,04,16,0F,18,05,08,09,48,4F,52,4E,45,54,35
16:06:42.055 -> -69, 02,01,06,07,16,09,18,D3,30,00,FE,04,16,0F,18,05,08,09,48,4F,52,4E,45,54,35
16:06:42.055 -> -69, 02,01,06,07,16,09,18,D3,30,00,FE,04,16,0F,18,05,08,09,48,4F,52,4E,45,54,35
16:06:42.055 -> -69, 02,01,06,07,16,09,18,D3,30,00,FE,04,16,0F,18,05,08,09,48,4F,52,4E,45,54,35
16:06:42.101 -> -69, 02,01,06,07,16,09,18,D3,30,00,FE,04,16,0F,18,05,08,09,48,4F,52,4E,45,54,35
16:06:42.101 -> -69, 02,01,06,07,16,09,18,D3,30,00,FE,04,16,0F,18,05,08,09,48,4F,52,4E,45,54,35
16:06:42.101 -> -69, 02,01,06,07,16,09,18,D3,30,00,FE,04,16,0F,18,05,08,09,48,4F,52,4E,45,54,35
16:06:42.148 -> -69, 02,01,06,07,16,09,18,D3,30,00,FE,04,16,0F,18,05,08,09,48,4F,52,4E,45,54,35
16:06:42.148 -> -69, 02,01,06,07,16,09,18,D3,30,00,FE,04,16,0F,18,05,08,09,48,4F,52,4E,45,54,35
16:06:42.148 -> -69, 02,01,06,07,16,09,18,D3,30,00,FE,04,16,0F,18,05,08,09,48,4F,52,4E,45,54,35
16:06:42.195 -> -69, 02,01,06,07,16,09,18,D3,30,00,FE,04,16,0F,18,05,08,09,48,4F,52,4E,45,54,35
16:06:42.195 -> -69, 02,01,06,07,16,09,18,D3,30,00,FE,04,16,0F,18,05,08,09,48,4F,52,4E,45,54,35
16:06:42.195 -> -69, 02,01,06,07,16,09,18,D3,30,00,FE,04,16,0F,18,05,08,09,48,4F,52,4E,45,54,35
16:06:42.241 -> -68, 02,01,06,07,16,09,18,D3,30,00,FE,04,16,0F,18,05,08,09,48,4F,52,4E,45,54,35
16:06:42.241 -> -69, 02,01,06,07,16,09,18,D3,30,00,FE,04,16,0F,18,05,08,09,48,4F,52,4E,45,54,35
16:06:42.241 -> -69, 02,01,06,07,16,09,18,D3,30,00,FE,04,16,0F,18,05,08,09,48,4F,52,4E,45,54,35
16:06:42.288 -> -69, 02,01,06,07,16,09,18,D3,30,00,FE,04,16,0F,18,05,08,09,48,4F,52,4E,45,54,35
16:06:42.334 -> -69, 02,01,06,07,16,09,18,D3,30,00,FE,04,16,0F,18,05,08,09,48,4F,52,4E,45,54,35
16:06:42.334 -> -69, 02,01,06,07,16,09,18,D3,30,00,FE,04,16,0F,18,05,08,09,48,4F,52,4E,45,54,35
16:06:42.334 -> -69, 02,01,06,07,16,09,18,D3,30,00,FE,04,16,0F,18,05,08,09,48,4F,52,4E,45,54,35
16:06:42.382 -> -69, 02,01,06,07,16,09,18,D3,30,00,FE,04,16,0F,18,05,08,09,48,4F,52,4E,45,54,35
16:06:42.382 -> -69, 02,01,06,07,16,09,18,D3,30,00,FE,04,16,0F,18,05,08,09,48,4F,52,4E,45,54,35
16:06:42.382 -> -68, 02,01,06,07,16,09,18,D3,30,00,FE,04,16,0F,18,05,08,09,48,4F,52,4E,45,54,35
16:06:42.382 -> -69, 02,01,06,07,16,09,18,D3,30,00,FE,04,16,0F,18,05,08,09,48,4F,52,4E,45,54,35
16:06:42.427 -> -69, 02,01,06,07,16,09,18,D3,30,00,FE,04,16,0F,18,05,08,09,48,4F,52,4E,45,54,35
16:06:42.427 -> -69, 02,01,06,07,16,09,18,D3,30,00,FE,04,16,0F,18,05,08,09,48,4F,52,4E,45,54,35
16:06:42.427 -> -69, 02,01,06,07,16,09,18,D3,30,00,FE,04,16,0F,18,05,08,09,48,4F,52,4E,45,54,35
16:06:42.475 -> -69, 02,01,06,07,16,09,18,D3,30,00,FE,04,16,0F,18,05,08,09,48,4F,52,4E,45,54,35
16:06:42.475 -> -69, 02,01,06,07,16,09,18,D3,30,00,FE,04,16,0F,18,05,08,09,48,4F,52,4E,45,54,35
16:06:42.475 -> -69, 02,01,06,07,16,09,18,D3,30,00,FE,04,16,0F,18,05,08,09,48,4F,52,4E,45,54,35
16:06:42.475 -> -69, 02,01,06,07,16,09,18,D3,30,00,FE,04,16,0F,18,05,08,09,48,4F,52,4E,45,54,35
16:06:42.475 -> -69, 02,01,06,07,16,09,18,D3,30,00,FE,04,16,0F,18,05,08,09,48,4F,52,4E,45,54,35
16:06:42.521 -> -69, 02,01,06,07,16,09,18,D3,30,00,FE,04,16,0F,18,05,08,09,48,4F,52,4E,45,54,35
16:06:42.521 -> -69, 02,01,06,07,16,09,18,D3,30,00,FE,04,16,0F,18,05,08,09,48,4F,52,4E,45,54,35
16:06:42.521 -> -69, 02,01,06,07,16,09,18,D3,30,00,FE,04,16,0F,18,05,08,09,48,4F,52,4E,45,54,35
16:06:42.568 -> -69, 02,01,06,07,16,09,18,D3,30,00,FE,04,16,0F,18,05,08,09,48,4F,52,4E,45,54,35
16:06:42.568 -> -69, 02,01,06,07,16,09,18,D3,30,00,FE,04,16,0F,18,05,08,09,48,4F,52,4E,45,54,35
16:06:42.568 -> -69, 02,01,06,07,16,09,18,D3,30,00,FE,04,16,0F,18,05,08,09,48,4F,52,4E,45,54,35
16:06:42.615 -> -69, 02,01,06,07,16,09,18,D3,30,00,FE,04,16,0F,18,05,08,09,48,4F,52,4E,45,54,35
16:06:42.615 -> -69, 02,01,06,07,16,09,18,D3,30,00,FE,04,16,0F,18,05,08,09,48,4F,52,4E,45,54,35
16:06:42.615 -> -69, 02,01,06,07,16,09,18,D3,30,00,FE,04,16,0F,18,05,08,09,48,4F,52,4E,45,54,35
16:06:42.615 -> -69, 02,01,06,07,16,09,18,D3,30,00,FE,04,16,0F,18,05,08,09,48,4F,52,4E,45,54,35
16:06:42.662 -> -69, 02,01,06,07,16,09,18,D3,30,00,FE,04,16,0F,18,05,08,09,48,4F,52,4E,45,54,35
16:06:42.662 -> -69, 02,01,06,07,16,09,18,D3,30,00,FE,04,16,0F,18,05,08,09,48,4F,52,4E,45,54,35
16:06:42.662 -> -69, 02,01,06,07,16,09,18,D3,30,00,FE,04,16,0F,18,05,08,09,48,4F,52,4E,45,54,35
16:06:42.708 -> -69, 02,01,06,07,16,09,18,D3,30,00,FE,04,16,0F,18,05,08,09,48,4F,52,4E,45,54,35
16:06:42.708 -> -69, 02,01,06,07,16,09,18,D3,30,00,FE,04,16,0F,18,05,08,09,48,4F,52,4E,45,54,35
16:06:42.708 -> -69, 02,01,06,07,16,09,18,D3,30,00,FE,04,16,0F,18,05,08,09,48,4F,52,4E,45,54,35
16:06:42.754 -> -69, 02,01,06,07,16,09,18,D3,30,00,FE,04,16,0F,18,05,08,09,48,4F,52,4E,45,54,35
16:06:42.754 -> -69, 02,01,06,07,16,09,18,D3,30,00,FE,04,16,0F,18,05,08,09,48,4F,52,4E,45,54,35
16:06:42.754 -> -69, 02,01,06,07,16,09,18,D3,30,00,FE,04,16,0F,18,05,08,09,48,4F,52,4E,45,54,35
16:06:42.754 -> -69, 02,01,06,07,16,09,18,D3,30,00,FE,04,16,0F,18,05,08,09,48,4F,52,4E,45,54,35
16:06:42.800 -> -69, 02,01,06,07,16,09,18,D3,30,00,FE,04,16,0F,18,05,08,09,48,4F,52,4E,45,54,35
16:06:42.800 -> -69, 02,01,06,07,16,09,18,D3,30,00,FE,04,16,0F,18,05,08,09,48,4F,52,4E,45,54,35
16:06:42.800 -> -69, 02,01,06,07,16,09,18,D3,30,00,FE,04,16,0F,18,05,08,09,48,4F,52,4E,45,54,35
16:06:42.800 -> -70, 02,01,06,07,16,09,18,D3,30,00,FE,04,16,0F,18,05,08,09,48,4F,52,4E,45,54,35
16:06:42.847 -> -69, 02,01,06,07,16,09,18,D3,30,00,FE,04,16,0F,18,05,08,09,48,4F,52,4E,45,54,35
16:06:42.847 -> -69, 02,01,06,07,16,09,18,D3,30,00,FE,04,16,0F,18,05,08,09,48,4F,52,4E,45,54,35
16:06:42.847 -> -69, 02,01,06,07,16,09,18,D3,30,00,FE,04,16,0F,18,05,08,09,48,4F,52,4E,45,54,35
16:06:42.847 -> -69, 02,01,06,07,16,09,18,D3,30,00,FE,04,16,0F,18,05,08,09,48,4F,52,4E,45,54,35
16:06:42.893 -> -69, 02,01,06,07,16,09,18,D3,30,00,FE,04,16,0F,18,05,08,09,48,4F,52,4E,45,54,35
16:06:42.893 -> -69, 02,01,06,07,16,09,18,D3,30,00,FE,04,16,0F,18,05,08,09,48,4F,52,4E,45,54,35
16:06:42.893 -> -69, 02,01,06,07,16,09,18,D3,30,00,FE,04,16,0F,18,05,08,09,48,4F,52,4E,45,54,35
16:06:42.893 -> -69, 02,01,06,07,16,09,18,D3,30,00,FE,04,16,0F,18,05,08,09,48,4F,52,4E,45,54,35
16:06:42.939 -> -69, 02,01,06,07,16,09,18,D3,30,00,FE,04,16,0F,18,05,08,09,48,4F,52,4E,45,54,35
16:06:42.939 -> -68, 02,01,06,07,16,09,18,D3,30,00,FE,04,16,0F,18,05,08,09,48,4F,52,4E,45,54,35
16:06:42.987 -> -68, 02,01,06,07,16,09,18,D3,30,00,FE,04,16,0F,18,05,08,09,48,4F,52,4E,45,54,35
16:06:42.987 -> -68, 02,01,06,07,16,09,18,D3,30,00,FE,04,16,0F,18,05,08,09,48,4F,52,4E,45,54,35
16:06:42.987 -> -68, 02,01,06,07,16,09,18,D3,30,00,FE,04,16,0F,18,05,08,09,48,4F,52,4E,45,54,35
16:06:43.032 -> -68, 02,01,06,07,16,09,18,D3,30,00,FE,04,16,0F,18,05,08,09,48,4F,52,4E,45,54,35
16:06:43.032 -> -69, 02,01,06,07,16,09,18,D3,30,00,FE,04,16,0F,18,05,08,09,48,4F,52,4E,45,54,35
16:06:43.032 -> -69, 02,01,06,07,16,09,18,D3,30,00,FE,04,16,0F,18,05,08,09,48,4F,52,4E,45,54,35
16:06:43.079 -> -68, 02,01,06,07,16,09,18,D3,30,00,FE,04,16,0F,18,05,08,09,48,4F,52,4E,45,54,35
16:06:43.079 -> -68, 02,01,06,07,16,09,18,D3,30,00,FE,04,16,0F,18,05,08,09,48,4F,52,4E,45,54,35
16:06:43.079 -> -68, 02,01,06,07,16,09,18,D3,30,00,FE,04,16,0F,18,05,08,09,48,4F,52,4E,45,54,35
16:06:43.126 -> -69, 02,01,06,07,16,09,18,D3,30,00,FE,04,16,0F,18,05,08,09,48,4F,52,4E,45,54,35
16:06:43.126 -> -69, 02,01,06,07,16,09,18,D3,30,00,FE,04,16,0F,18,05,08,09,48,4F,52,4E,45,54,35
16:06:43.126 -> -69, 02,01,06,07,16,09,18,D3,30,00,FE,04,16,0F,18,05,08,09,48,4F,52,4E,45,54,35
