15:59:39.230 -> -82, 02,01,06,07,16,09,18,D3,30,00,FE,04,16,0F,18,05,08,09,48,4F,52,4E,45,54,35
15:59:41.240 -> -86, 02,01,06,07,16,09,18,D3,30,00,FE,04,16,0F,18,05,08,09,48,4F,52,4E,45,54,35
15:59:45.187 -> -82, 02,01,06,07,16,09,18,D3,30,00,FE,04,16,0F,18,05,08,09,48,4F,52,4E,45,54,35
15:59:56.948 -> -82, 02,01,06,07,16,09,18,D3,30,00,FE,04,16,0F,18,05,08,09,48,4F,52,4E,45,54,35
15:59:58.077 -> -84, 02,01,06,07,16,09,18,D3,30,00,FE,04,16,0F,18,05,08,09,48,4F,52,4E,45,54,35
15:59:58.548 -> -81, 02,01,06,07,16,09,18,D3,30,00,FE,04,16,0F,18,05,08,09,48,4F,52,4E,45,54,35
16:00:02.016 -> -87, 02,01,06,07,16,09,18,D3,30,00,FE,04,16,0F,18,05,08,09,48,4F,52,4E,45,54,35
16:00:02.451 -> -83, 02,01,06,07,16,09,18,D3,30,00,FE,04,16,0F,18,05,08,09,48,4F,52,4E,45,54,35
16:00:02.635 -> -84, 02,01,06,07,16,09,18,D3,30,00,FE,04,16,0F,18,05,08,09,48,4F,52,4E,45,54,35
16:00:03.010 -> -81, 02,01,06,07,16,09,18,D3,30,00,FE,04,16,0F,18,05,08,09,48,4F,52,4E,45,54,35
16:00:05.304 -> -87, 02,01,06,07,16,09,18,D3,30,00,FE,04,16,0F,18,05,08,09,48,4F,52,4E,45,54,35
16:00:05.444 -> -86, 02,01,06,07,16,09,18,D3,30,00,FE,04,16,0F,18,05,08,09,48,4F,52,4E,45,54,35
16:00:05.771 -> -84, 02,01,06,07,16,09,18,D3,30,00,FE,04,16,0F,18,05,08,09,48,4F,52,4E,45,54,35
16:00:07.018 -> -84, 02,01,06,07,16,09,18,D3,30,00,FE,04,16,0F,18,05,08,09,48,4F,52,4E,45,54,35
16:00:10.791 -> -81, 02,01,06,07,16,09,18,D3,30,00,FE,04,16,0F,18,05,08,09,48,4F,52,4E,45,54,35
16:00:12.000 -> -82, 02,01,06,07,16,09,18,D3,30,00,FE,04,16,0F,18,05,08,09,48,4F,52,4E,45,54,35
16:00:12.469 -> -87, 02,01,06,07,16,09,18,D3,30,00,FE,04,16,0F,18,05,08,09,48,4F,52,4E,45,54,35
16:00:12.564 -> -86, 02,01,06,07,16,09,18,D3,30,00,FE,04,16,0F,18,05,08,09,48,4F,52,4E,45,54,35
16:00:12.704 -> -85, 02,01,06,07,16,09,18,D3,30,00,FE,04,16,0F,18,05,08,09,48,4F,52,4E,45,54,35
16:00:13.263 -> -85, 02,01,06,07,16,09,18,D3,30,00,FE,04,16,0F,18,05,08,09,48,4F,52,4E,45,54,35
16:00:14.904 -> -85, 02,01,06,07,16,09,18,D3,30,00,FE,04,16,0F,18,05,08,09,48,4F,52,4E,45,54,35
16:00:16.729 -> -82, 02,01,06,07,16,09,18,D3,30,00,FE,04,16,0F,18,05,08,09,48,4F,52,4E,45,54,35
16:00:17.290 -> -85, 02,01,06,07,16,09,18,D3,30,00,FE,04,16,0F,18,05,08,09,48,4F,52,4E,45,54,35
16:00:17.523 -> -84, 02,01,06,07,16,09,18,D3,30,00,FE,04,16,0F,18,05,08,09,48,4F,52,4E,45,54,35
16:00:18.788 -> -86, 02,01,06,07,16,09,18,D3,30,00,FE,04,16,0F,18,05,08,09,48,4F,52,4E,45,54,35
16:00:19.442 -> -84, 02,01,06,07,16,09,18,D3,30,00,FE,04,16,0F,18,05,08,09,48,4F,52,4E,45,54,35
16:00:19.959 -> -86, 02,01,06,07,16,09,18,D3,30,00,FE,04,16,0F,18,05,08,09,48,4F,52,4E,45,54,35
16:00:20.149 -> -86, 02,01,06,07,16,09,18,D3,30,00,FE,04,16,0F,18,05,08,09,48,4F,52,4E,45,54,35
16:00:20.428 -> -85, 02,01,06,07,16,09,18,D3,30,00,FE,04,16,0F,18,05,08,09,48,4F,52,4E,45,54,35
16:00:20.664 -> -84, 02,01,06,07,16,09,18,D3,30,00,FE,04,16,0F,18,05,08,09,48,4F,52,4E,45,54,35
16:00:20.990 -> -82, 02,01,06,07,16,09,18,D3,30,00,FE,04,16,0F,18,05,08,09,48,4F,52,4E,45,54,35
16:00:22.862 -> -81, 02,01,06,07,16,09,18,D3,30,00,FE,04,16,0F,18,05,08,09,48,4F,52,4E,45,54,35
16:00:23.097 -> -86, 02,01,06,07,16,09,18,D3,30,00,FE,04,16,0F,18,05,08,09,48,4F,52,4E,45,54,35
16:00:23.285 -> -87, 02,01,06,07,16,09,18,D3,30,00,FE,04,16,0F,18,05,08,09,48,4F,52,4E,45,54,35
16:00:23.938 -> -83, 02,01,06,07,16,09,18,D3,30,00,FE,04,16,0F,18,05,08,09,48,4F,52,4E,45,54,35
16:00:24.878 -> -86, 02,01,06,07,16,09,18,D3,30,00,FE,04,16,0F,18,05,08,09,48,4F,52,4E,45,54,35
16:00:25.775 -> -80, 02,01,06,07,16,09,18,D3,30,00,FE,04,16,0F,18,05,08,09,48,4F,52,4E,45,54,35
16:00:27.738 -> -86, 02,01,06,07,16,09,18,D3,30,00,FE,04,16,0F,18,05,08,09,48,4F,52,4E,45,54,35
16:00:28.206 -> -84, 02,01,06,07,16,09,18,D3,30,00,FE,04,16,0F,18,05,08,09,48,4F,52,4E,45,54,35
16:00:28.772 -> -81, 02,01,06,07,16,09,18,D3,30,00,FE,04,16,0F,18,05,08,09,48,4F,52,4E,45,54,35
16:00:28.915 -> -81, 02,01,06,07,16,09,18,D3,30,00,FE,04,16,0F,18,05,08,09,48,4F,52,4E,45,54,35
16:00:30.276 -> -81, 02,01,06,07,16,09,18,D3,30,00,FE,04,16,0F,18,05,08,09,48,4F,52,4E,45,54,35
16:00:31.916 -> -81, 02,01,06,07,16,09,18,D3,30,00,FE,04,16,0F,18,05,08,09,48,4F,52,4E,45,54,35
16:00:33.421 -> -81, 02,01,06,07,16,09,18,D3,30,00,FE,04,16,0F,18,05,08,09,48,4F,52,4E,45,54,35
16:00:34.355 -> -84, 02,01,06,07,16,09,18,D3,30,00,FE,04,16,0F,18,05,08,09,48,4F,52,4E,45,54,35
16:00:36.705 -> -86, 02,01,06,07,16,09,18,D3,30,00,FE,04,16,0F,18,05,08,09,48,4F,52,4E,45,54,35
16:00:37.266 -> -83, 02,01,06,07,16,09,18,D3,30,00,FE,04,16,0F,18,05,08,09,48,4F,52,4E,45,54,35
16:00:37.360 -> -83, 02,01,06,07,16,09,18,D3,30,00,FE,04,16,0F,18,05,08,09,48,4F,52,4E,45,54,35
16:00:37.833 -> -81, 02,01,06,07,16,09,18,D3,30,00,FE,04,16,0F,18,05,08,09,48,4F,52,4E,45,54,35
16:00:38.393 -> -87, 02,01,06,07,16,09,18,D3,30,00,FE,04,16,0F,18,05,08,09,48,4F,52,4E,45,54,35
16:00:39.564 -> -87, 02,01,06,07,16,09,18,D3,30,00,FE,04,16,0F,18,05,08,09,48,4F,52,4E,45,54,35
16:00:40.832 -> -80, 02,01,06,07,16,09,18,D3,30,00,FE,04,16,0F,18,05,08,09,48,4F,52,4E,45,54,35
16:00:41.443 -> -87, 02,01,06,07,16,09,18,D3,30,00,FE,04,16,0F,18,04,08,09,48,4F,52,4E,45,54,35
16:00:42.894 -> -85, 02,01,06,07,16,09,18,D3,30,00,FE,04,16,0F,18,04,08,09,48,4F,52,4E,45,54,35
16:00:43.596 -> -81, 02,01,06,07,16,09,18,D3,30,00,FE,04,16,0F,18,04,08,09,48,4F,52,4E,45,54,35
16:00:45.701 -> -85, 02,01,06,07,16,09,18,D3,30,00,FE,04,16,0F,18,04,08,09,48,4F,52,4E,45,54,35
16:00:45.793 -> -86, 02,01,06,07,16,09,18,D3,30,00,FE,04,16,0F,18,04,08,09,48,4F,52,4E,45,54,35
16:00:47.105 -> -87, 02,01,06,07,16,09,18,D3,30,00,FE,04,16,0F,18,04,08,09,48,4F,52,4E,45,54,35
16:00:47.949 -> -84, 02,01,06,07,16,09,18,D3,30,00,FE,04,16,0F,18,04,08,09,48,4F,52,4E,45,54,35
16:00:48.371 -> -81, 02,01,06,07,16,09,18,D3,30,00,FE,04,16,0F,18,04,08,09,48,4F,52,4E,45,54,35
16:00:48.650 -> -85, 02,01,06,07,16,09,18,D3,30,00,FE,04,16,0F,18,04,08,09,48,4F,52,4E,45,54,35
16:00:48.884 -> -87, 02,01,06,07,16,09,18,D3,30,00,FE,04,16,0F,18,04,08,09,48,4F,52,4E,45,54,35
16:00:49.777 -> -81, 02,01,06,07,16,09,18,D3,30,00,FE,04,16,0F,18,04,08,09,48,4F,52,4E,45,54,35
16:00:50.009 -> -87, 02,01,06,07,16,09,18,D3,30,00,FE,04,16,0F,18,04,08,09,48,4F,52,4E,45,54,35
