15:53:29.228 -> -85, 02,01,06,07,16,09,18,D3,30,00,FE,04,16,0F,18,05,08,09,48,4F,52,4E,45,54,35
15:53:29.368 -> -85, 02,01,06,07,16,09,18,D3,30,00,FE,04,16,0F,18,05,08,09,48,4F,52,4E,45,54,35
15:53:29.508 -> -82, 02,01,06,07,16,09,18,D3,30,00,FE,04,16,0F,18,05,08,09,48,4F,52,4E,45,54,35
15:53:32.691 -> -81, 02,01,06,07,16,09,18,D3,30,00,FE,04,16,0F,18,05,08,09,48,4F,52,4E,45,54,35
15:53:32.691 -> -80, 02,01,06,07,16,09,18,D3,30,00,FE,04,16,0F,18,05,08,09,48,4F,52,4E,45,54,35
15:53:38.407 -> -85, 02,01,06,07,16,09,18,D3,30,00,FE,04,16,0F,18,05,08,09,48,4F,52,4E,45,54,35
15:53:39.013 -> -83, 02,01,06,07,16,09,18,D3,30,00,FE,04,16,0F,18,05,08,09,48,4F,52,4E,45,54,35
15:53:47.334 -> -84, 02,01,06,07,16,09,18,D3,30,00,FE,04,16,0F,18,05,08,09,48,4F,52,4E,45,54,35
15:53:47.334 -> -83, 02,01,06,07,16,09,18,D3,30,00,FE,04,16,0F,18,05,08,09,48,4F,52,4E,45,54,35
15:53:47.381 -> -84, 02,01,06,07,16,09,18,D3,30,00,FE,04,16,0F,18,05,08,09,48,4F,52,4E,45,54,35
15:53:47.381 -> -82, 02,01,06,07,16,09,18,D3,30,00,FE,04,16,0F,18,05,08,09,48,4F,52,4E,45,54,35
15:53:47.381 -> -84, 02,01,06,07,16,09,18,D3,30,00,FE,04,16,0F,18,05,08,09,48,4F,52,4E,45,54,35
15:53:47.427 -> -82, 02,01,06,07,16,09,18,D3,30,00,FE,04,16,0F,18,05,08,09,48,4F,52,4E,45,54,35
15:53:47.427 -> -82, 02,01,06,07,16,09,18,D3,30,00,FE,04,16,0F,18,05,08,09,48,4F,52,4E,45,54,35
15:53:47.475 -> -82, 02,01,06,07,16,09,18,D3,30,00,FE,04,16,0F,18,05,08,09,48,4F,52,4E,45,54,35
15:53:47.567 -> -80, 02,01,06,07,16,09,18,D3,30,00,FE,04,16,0F,18,05,08,09,48,4F,52,4E,45,54,35
15:53:48.508 -> -83, 02,01,06,07,16,09,18,D3,30,00,FE,04,16,0F,18,05,08,09,48,4F,52,4E,45,54,35
15:53:48.555 -> -84, 02,01,06,07,16,09,18,D3,30,00,FE,04,16,0F,18,05,08,09,48,4F,52,4E,45,54,35
15:53:48.555 -> -83, 02,01,06,07,16,09,18,D3,30,00,FE,04,16,0F,18,05,08,09,48,4F,52,4E,45,54,35
15:53:48.555 -> -84, 02,01,06,07,16,09,18,D3,30,00,FE,04,16,0F,18,05,08,09,48,4F,52,4E,45,54,35
15:53:48.695 -> -83, 02,01,06,07,16,09,18,D3,30,00,FE,04,16,0F,18,05,08,09,48,4F,52,4E,45,54,35
15:53:48.695 -> -81, 02,01,06,07,16,09,18,D3,30,00,FE,04,16,0F,18,05,08,09,48,4F,52,4E,45,54,35
15:53:48.742 -> -80, 02,01,06,07,16,09,18,D3,30,00,FE,04,16,0F,18,05,08,09,48,4F,52,4E,45,54,35
15:53:48.788 -> -81, 02,01,06,07,16,09,18,D3,30,00,FE,04,16,0F,18,05,08,09,48,4F,52,4E,45,54,35
15:53:48.835 -> -80, 02,01,06,07,16,09,18,D3,30,00,FE,04,16,0F,18,05,08,09,48,4F,52,4E,45,54,35
15:53:48.835 -> -81, 02,01,06,07,16,09,18,D3,30,00,FE,04,16,0F,18,05,08,09,48,4F,52,4E,45,54,35
15:53:48.835 -> -80, 02,01,06,07,16,09,18,D3,30,00,FE,04,16,0F,18,05,08,09,48,4F,52,4E,45,54,35
15:53:48.884 -> -80, 02,01,06,07,16,09,18,D3,30,00,FE,04,16,0F,18,05,08,09,48,4F,52,4E,45,54,35
15:53:48.884 -> -81, 02,01,06,07,16,09,18,D3,30,00,FE,04,16,0F,18,05,08,09,48,4F,52,4E,45,54,35
15:53:48.884 -> -81, 02,01,06,07,16,09,18,D3,30,00,FE,04,16,0F,18,05,08,09,48,4F,52,4E,45,54,35
15:53:48.931 -> -81, 02,01,06,07,16,09,18,D3,30,00,FE,04,16,0F,18,05,08,09,48,4F,52,4E,45,54,35
15:53:48.931 -> -81, 02,01,06,07,16,09,18,D3,30,00,FE,04,16,0F,18,05,08,09,48,4F,52,4E,45,54,35
15:53:48.931 -> -81, 02,01,06,07,16,09,18,D3,30,00,FE,04,16,0F,18,05,08,09,48,4F,52,4E,45,54,35
15:53:48.931 -> -81, 02,01,06,07,16,09,18,D3,30,00,FE,04,16,0F,18,05,08,09,48,4F,52,4E,45,54,35
15:53:49.960 -> -82, 02,01,06,07,16,09,18,D3,30,00,FE,04,16,0F,18,05,08,09,48,4F,52,4E,45,54,35
15:53:50.008 -> -82, 02,01,06,07,16,09,18,D3,30,00,FE,04,16,0F,18,05,08,09,48,4F,52,4E,45,54,35
15:53:50.057 -> -82, 02,01,06,07,16,09,18,D3,30,00,FE,04,16,0F,18,05,08,09,48,4F,52,4E,45,54,35
15:53:50.057 -> -81, 02,01,06,07,16,09,18,D3,30,00,FE,04,16,0F,18,05,08,09,48,4F,52,4E,45,54,35
15:53:50.105 -> -82, 02,01,06,07,16,09,18,D3,30,00,FE,04,16,0F,18,05,08,09,48,4F,52,4E,45,54,35
15:53:50.151 -> -82, 02,01,06,07,16,09,18,D3,30,00,FE,04,16,0F,18,05,08,09,48,4F,52,4E,45,54,35
15:53:50.199 -> -83, 02,01,06,07,16,09,18,D3,30,00,FE,04,16,0F,18,05,08,09,48,4F,52,4E,45,54,35
15:53:50.246 -> -82, 02,01,06,07,16,09,18,D3,30,00,FE,04,16,0F,18,05,08,09,48,4F,52,4E,45,54,35
15:53:50.291 -> -82, 02,01,06,07,16,09,18,D3,30,00,FE,04,16,0F,18,05,08,09,48,4F,52,4E,45,54,35
15:53:50.385 -> -83, 02,01,06,07,16,09,18,D3,30,00,FE,04,16,0F,18,05,08,09,48,4F,52,4E,45,54,35
15:53:50.385 -> -84, 02,01,06,07,16,09,18,D3,30,00,FE,04,16,0F,18,05,08,09,48,4F,52,4E,45,54,35
15:53:50.433 -> -83, 02,01,06,07,16,09,18,D3,30,00,FE,04,16,0F,18,05,08,09,48,4F,52,4E,45,54,35
15:53:51.510 -> -83, 02,01,06,07,16,09,18,D3,30,00,FE,04,16,0F,18,05,08,09,48,4F,52,4E,45,54,35
15:53:51.604 -> -82, 02,01,06,07,16,09,18,D3,30,00,FE,04,16,0F,18,05,08,09,48,4F,52,4E,45,54,35
15:53:51.698 -> -82, 02,01,06,07,16,09,18,D3,30,00,FE,04,16,0F,18,05,08,09,48,4F,52,4E,45,54,35
15:53:51.745 -> -82, 02,01,06,07,16,09,18,D3,30,00,FE,04,16,0F,18,05,08,09,48,4F,52,4E,45,54,35
15:53:51.791 -> -83, 02,01,06,07,16,09,18,D3,30,00,FE,04,16,0F,18,05,08,09,48,4F,52,4E,45,54,35
15:53:51.886 -> -83, 02,01,06,07,16,09,18,D3,30,00,FE,04,16,0F,18,05,08,09,48,4F,52,4E,45,54,35
15:53:51.981 -> -83, 02,01,06,07,16,09,18,D3,30,00,FE,04,16,0F,18,05,08,09,48,4F,52,4E,45,54,35
15:53:52.967 -> -83, 02,01,06,07,16,09,18,D3,30,00,FE,04,16,0F,18,05,08,09,48,4F,52,4E,45,54,35
15:53:53.014 -> -83, 02,01,06,07,16,09,18,D3,30,00,FE,04,16,0F,18,05,08,09,48,4F,52,4E,45,54,35
15:53:53.061 -> -83, 02,01,06,07,16,09,18,D3,30,00,FE,04,16,0F,18,05,08,09,48,4F,52,4E,45,54,35
15:53:53.201 -> -83, 02,01,06,07,16,09,18,D3,30,00,FE,04,16,0F,18,05,08,09,48,4F,52,4E,45,54,35
15:53:53.250 -> -83, 02,01,06,07,16,09,18,D3,30,00,FE,04,16,0F,18,05,08,09,48,4F,52,4E,45,54,35
15:53:53.250 -> -81, 02,01,06,07,16,09,18,D3,30,00,FE,04,16,0F,18,05,08,09,48,4F,52,4E,45,54,35
15:53:53.297 -> -82, 02,01,06,07,16,09,18,D3,30,00,FE,04,16,0F,18,05,08,09,48,4F,52,4E,45,54,35
15:53:53.343 -> -83, 02,01,06,07,16,09,18,D3,30,00,FE,04,16,0F,18,05,08,09,48,4F,52,4E,45,54,35
15:53:53.439 -> -82, 02,01,06,07,16,09,18,D3,30,00,FE,04,16,0F,18,05,08,09,48,4F,52,4E,45,54,35
15:53:54.567 -> -83, 02,01,06,07,16,09,18,D3,30,00,FE,04,16,0F,18,05,08,09,48,4F,52,4E,45,54,35
15:53:54.661 -> -83, 02,01,06,07,16,09,18,D3,30,00,FE,04,16,0F,18,05,08,09,48,4F,52,4E,45,54,35
15:53:54.802 -> -84, 02,01,06,07,16,09,18,D3,30,00,FE,04,16,0F,18,05,08,09,48,4F,52,4E,45,54,35
15:53:54.896 -> -84, 02,01,06,07,16,09,18,D3,30,00,FE,04,16,0F,18,05,08,09,48,4F,52,4E,45,54,35
15:53:54.944 -> -83, 02,01,06,07,16,09,18,D3,30,00,FE,04,16,0F,18,05,08,09,48,4F,52,4E,45,54,35
15:53:55.176 -> -85, 02,01,06,07,16,09,18,D3,30,00,FE,04,16,0F,18,05,08,09,48,4F,52,4E,45,54,35
15:53:55.737 -> -83, 02,01,06,07,16,09,18,D3,30,00,FE,04,16,0F,18,05,08,09,48,4F,52,4E,45,54,35
15:53:56.018 -> -83, 02,01,06,07,16,09,18,D3,30,00,FE,04,16,0F,18,05,08,09,48,4F,52,4E,45,54,35
15:53:56.112 -> -83, 02,01,06,07,16,09,18,D3,30,00,FE,04,16,0F,18,05,08,09,48,4F,52,4E,45,54,35
15:53:56.205 -> -83, 02,01,06,07,16,09,18,D3,30,00,FE,04,16,0F,18,05,08,09,48,4F,52,4E,45,54,35
15:53:56.205 -> -82, 02,01,06,07,16,09,18,D3,30,00,FE,04,16,0F,18,05,08,09,48,4F,52,4E,45,54,35
15:53:56.252 -> -83, 02,01,06,07,16,09,18,D3,30,00,FE,04,16,0F,18,05,08,09,48,4F,52,4E,45,54,35
15:53:56.299 -> -83, 02,01,06,07,16,09,18,D3,30,00,FE,04,16,0F,18,05,08,09,48,4F,52,4E,45,54,35
15:53:56.299 -> -83, 02,01,06,07,16,09,18,D3,30,00,FE,04,16,0F,18,05,08,09,48,4F,52,4E,45,54,35
15:53:56.392 -> -83, 02,01,06,07,16,09,18,D3,30,00,FE,04,16,0F,18,05,08,09,48,4F,52,4E,45,54,35
15:53:56.439 -> -83, 02,01,06,07,16,09,18,D3,30,00,FE,04,16,0F,18,05,08,09,48,4F,52,4E,45,54,35
15:53:56.439 -> -82, 02,01,06,07,16,09,18,D3,30,00,FE,04,16,0F,18,05,08,09,48,4F,52,4E,45,54,35
15:53:56.439 -> -83, 02,01,06,07,16,09,18,D3,30,00,FE,04,16,0F,18,05,08,09,48,4F,52,4E,45,54,35
15:53:57.485 -> -83, 02,01,06,07,16,09,18,D3,30,00,FE,04,16,0F,18,05,08,09,48,4F,52,4E,45,54,35
15:53:57.672 -> -83, 02,01,06,07,16,09,18,D3,30,00,FE,04,16,0F,18,05,08,09,48,4F,52,4E,45,54,35
15:53:57.719 -> -83, 02,01,06,07,16,09,18,D3,30,00,FE,04,16,0F,18,05,08,09,48,4F,52,4E,45,54,35
15:53:57.811 -> -82, 02,01,06,07,16,09,18,D3,30,00,FE,04,16,0F,18,05,08,09,48,4F,52,4E,45,54,35
15:53:57.905 -> -82, 02,01,06,07,16,09,18,D3,30,00,FE,04,16,0F,18,05,08,09,48,4F,52,4E,45,54,35
15:53:57.952 -> -83, 02,01,06,07,16,09,18,D3,30,00,FE,04,16,0F,18,05,08,09,48,4F,52,4E,45,54,35
15:53:57.952 -> -83, 02,01,06,07,16,09,18,D3,30,00,FE,04,16,0F,18,05,08,09,48,4F,52,4E,45,54,35
15:53:58.702 -> -84, 02,01,06,07,16,09,18,D3,30,00,FE,04,16,0F,18,05,08,09,48,4F,52,4E,45,54,35
15:53:58.983 -> -84, 02,01,06,07,16,09,18,D3,30,00,FE,04,16,0F,18,05,08,09,48,4F,52,4E,45,54,35
15:53:59.123 -> -83, 02,01,06,07,16,09,18,D3,30,00,FE,04,16,0F,18,05,08,09,48,4F,52,4E,45,54,35
15:53:59.217 -> -83, 02,01,06,07,16,09,18,D3,30,00,FE,04,16,0F,18,05,08,09,48,4F,52,4E,45,54,35
15:53:59.264 -> -82, 02,01,06,07,16,09,18,D3,30,00,FE,04,16,0F,18,05,08,09,48,4F,52,4E,45,54,35
15:53:59.356 -> -82, 02,01,06,07,16,09,18,D3,30,00,FE,04,16,0F,18,05,08,09,48,4F,52,4E,45,54,35
15:53:59.356 -> -82, 02,01,06,07,16,09,18,D3,30,00,FE,04,16,0F,18,05,08,09,48,4F,52,4E,45,54,35
15:53:59.356 -> -83, 02,01,06,07,16,09,18,D3,30,00,FE,04,16,0F,18,05,08,09,48,4F,52,4E,45,54,35
15:54:00.014 -> -82, 02,01,06,07,16,09,18,D3,30,00,FE,04,16,0F,18,05,08,09,48,4F,52,4E,45,54,35
15:54:00.484 -> -83, 02,01,06,07,16,09,18,D3,30,00,FE,04,16,0F,18,05,08,09,48,4F,52,4E,45,54,35
15:54:00.625 -> -82, 02,01,06,07,16,09,18,D3,30,00,FE,04,16,0F,18,05,08,09,48,4F,52,4E,45,54,35
15:54:00.672 -> -83, 02,01,06,07,16,09,18,D3,30,00,FE,04,16,0F,18,05,08,09,48,4F,52,4E,45,54,35
15:54:00.718 -> -83, 02,01,06,07,16,09,18,D3,30,00,FE,04,16,0F,18,05,08,09,48,4F,52,4E,45,54,35
15:54:00.764 -> -82, 02,01,06,07,16,09,18,D3,30,00,FE,04,16,0F,18,05,08,09,48,4F,52,4E,45,54,35
15:54:00.856 -> -83, 02,01,06,07,16,09,18,D3,30,00,FE,04,16,0F,18,05,08,09,48,4F,52,4E,45,54,35
15:54:00.903 -> -84, 02,01,06,07,16,09,18,D3,30,00,FE,04,16,0F,18,05,08,09,48,4F,52,4E,45,54,35
15:54:00.949 -> -83, 02,01,06,07,16,09,18,D3,30,00,FE,04,16,0F,18,05,08,09,48,4F,52,4E,45,54,35
15:54:01.792 -> -83, 02,01,06,07,16,09,18,D3,30,00,FE,04,16,0F,18,05,08,09,48,4F,52,4E,45,54,35
15:54:02.074 -> -83, 02,01,06,07,16,09,18,D3,30,00,FE,04,16,0F,18,05,08,09,48,4F,52,4E,45,54,35
15:54:02.074 -> -83, 02,01,06,07,16,09,18,D3,30,00,FE,04,16,0F,18,05,08,09,48,4F,52,4E,45,54,35
15:54:02.121 -> -83, 02,01,06,07,16,09,18,D3,30,00,FE,04,16,0F,18,05,08,09,48,4F,52,4E,45,54,35
15:54:02.168 -> -83, 02,01,06,07,16,09,18,D3,30,00,FE,04,16,0F,18,05,08,09,48,4F,52,4E,45,54,35
15:54:02.215 -> -82, 02,01,06,07,16,09,18,D3,30,00,FE,04,16,0F,18,05,08,09,48,4F,52,4E,45,54,35
15:54:02.261 -> -82, 02,01,06,07,16,09,18,D3,30,00,FE,04,16,0F,18,05,08,09,48,4F,52,4E,45,54,35
15:54:02.308 -> -82, 02,01,06,07,16,09,18,D3,30,00,FE,04,16,0F,18,05,08,09,48,4F,52,4E,45,54,35
15:54:02.308 -> -82, 02,01,06,07,16,09,18,D3,30,00,FE,04,16,0F,18,05,08,09,48,4F,52,4E,45,54,35
15:54:02.355 -> -82, 02,01,06,07,16,09,18,D3,30,00,FE,04,16,0F,18,05,08,09,48,4F,52,4E,45,54,35
15:54:02.355 -> -82, 02,01,06,07,16,09,18,D3,30,00,FE,04,16,0F,18,05,08,09,48,4F,52,4E,45,54,35
15:54:02.355 -> -82, 02,01,06,07,16,09,18,D3,30,00,FE,04,16,0F,18,05,08,09,48,4F,52,4E,45,54,35
15:54:02.401 -> -82, 02,01,06,07,16,09,18,D3,30,00,FE,04,16,0F,18,05,08,09,48,4F,52,4E,45,54,35
15:54:02.401 -> -82, 02,01,06,07,16,09,18,D3,30,00,FE,04,16,0F,18,05,08,09,48,4F,52,4E,45,54,35
15:54:02.401 -> -82, 02,01,06,07,16,09,18,D3,30,00,FE,04,16,0F,18,05,08,09,48,4F,52,4E,45,54,35
15:54:02.448 -> -82, 02,01,06,07,16,09,18,D3,30,00,FE,04,16,0F,18,05,08,09,48,4F,52,4E,45,54,35
15:54:02.448 -> -81, 02,01,06,07,16,09,18,D3,30,00,FE,04,16,0F,18,05,08,09,48,4F,52,4E,45,54,35
15:54:02.682 -> -82, 02,01,06,07,16,09,18,D3,30,00,FE,04,16,0F,18,05,08,09,48,4F,52,4E,45,54,35
15:54:03.480 -> -81, 02,01,06,07,16,09,18,D3,30,00,FE,04,16,0F,18,05,08,09,48,4F,52,4E,45,54,35
15:54:03.480 -> -81, 02,01,06,07,16,09,18,D3,30,00,FE,04,16,0F,18,05,08,09,48,4F,52,4E,45,54,35
15:54:03.527 -> -81, 02,01,06,07,16,09,18,D3,30,00,FE,04,16,0F,18,05,08,09,48,4F,52,4E,45,54,35
15:54:03.574 -> -81, 02,01,06,07,16,09,18,D3,30,00,FE,04,16,0F,18,05,08,09,48,4F,52,4E,45,54,35
15:54:03.574 -> -81, 02,01,06,07,16,09,18,D3,30,00,FE,04,16,0F,18,05,08,09,48,4F,52,4E,45,54,35
15:54:03.620 -> -81, 02,01,06,07,16,09,18,D3,30,00,FE,04,16,0F,18,05,08,09,48,4F,52,4E,45,54,35
15:54:03.620 -> -81, 02,01,06,07,16,09,18,D3,30,00,FE,04,16,0F,18,05,08,09,48,4F,52,4E,45,54,35
15:54:03.666 -> -81, 02,01,06,07,16,09,18,D3,30,00,FE,04,16,0F,18,05,08,09,48,4F,52,4E,45,54,35
15:54:03.713 -> -82, 02,01,06,07,16,09,18,D3,30,00,FE,04,16,0F,18,05,08,09,48,4F,52,4E,45,54,35
15:54:03.713 -> -81, 02,01,06,07,16,09,18,D3,30,00,FE,04,16,0F,18,05,08,09,48,4F,52,4E,45,54,35
15:54:03.761 -> -82, 02,01,06,07,16,09,18,D3,30,00,FE,04,16,0F,18,05,08,09,48,4F,52,4E,45,54,35
15:54:03.761 -> -82, 02,01,06,07,16,09,18,D3,30,00,FE,04,16,0F,18,05,08,09,48,4F,52,4E,45,54,35
15:54:03.761 -> -81, 02,01,06,07,16,09,18,D3,30,00,FE,04,16,0F,18,05,08,09,48,4F,52,4E,45,54,35
15:54:03.761 -> -81, 02,01,06,07,16,09,18,D3,30,00,FE,04,16,0F,18,05,08,09,48,4F,52,4E,45,54,35
15:54:03.808 -> -81, 02,01,06,07,16,09,18,D3,30,00,FE,04,16,0F,18,05,08,09,48,4F,52,4E,45,54,35
15:54:03.808 -> -82, 02,01,06,07,16,09,18,D3,30,00,FE,04,16,0F,18,05,08,09,48,4F,52,4E,45,54,35
15:54:03.856 -> -82, 02,01,06,07,16,09,18,D3,30,00,FE,04,16,0F,18,05,08,09,48,4F,52,4E,45,54,35
15:54:03.856 -> -82, 02,01,06,07,16,09,18,D3,30,00,FE,04,16,0F,18,05,08,09,48,4F,52,4E,45,54,35
15:54:03.904 -> -81, 02,01,06,07,16,09,18,D3,30,00,FE,04,16,0F,18,05,08,09,48,4F,52,4E,45,54,35
15:54:03.952 -> -82, 02,01,06,07,16,09,18,D3,30,00,FE,04,16,0F,18,05,08,09,48,4F,52,4E,45,54,35
15:54:03.952 -> -82, 02,01,06,07,16,09,18,D3,30,00,FE,04,16,0F,18,05,08,09,48,4F,52,4E,45,54,35
15:54:04.989 -> -82, 02,01,06,07,16,09,18,D3,30,00,FE,04,16,0F,18,05,08,09,48,4F,52,4E,45,54,35
15:54:05.035 -> -82, 02,01,06,07,16,09,18,D3,30,00,FE,04,16,0F,18,05,08,09,48,4F,52,4E,45,54,35
15:54:05.082 -> -83, 02,01,06,07,16,09,18,D3,30,00,FE,04,16,0F,18,05,08,09,48,4F,52,4E,45,54,35
15:54:05.082 -> -83, 02,01,06,07,16,09,18,D3,30,00,FE,04,16,0F,18,05,08,09,48,4F,52,4E,45,54,35
15:54:05.082 -> -82, 02,01,06,07,16,09,18,D3,30,00,FE,04,16,0F,18,05,08,09,48,4F,52,4E,45,54,35
15:54:05.129 -> -82, 02,01,06,07,16,09,18,D3,30,00,FE,04,16,0F,18,05,08,09,48,4F,52,4E,45,54,35
15:54:05.129 -> -82, 02,01,06,07,16,09,18,D3,30,00,FE,04,16,0F,18,05,08,09,48,4F,52,4E,45,54,35
15:54:05.129 -> -83, 02,01,06,07,16,09,18,D3,30,00,FE,04,16,0F,18,05,08,09,48,4F,52,4E,45,54,35
15:54:05.177 -> -82, 02,01,06,07,16,09,18,D3,30,00,FE,04,16,0F,18,05,08,09,48,4F,52,4E,45,54,35
15:54:05.223 -> -82, 02,01,06,07,16,09,18,D3,30,00,FE,04,16,0F,18,05,08,09,48,4F,52,4E,45,54,35
15:54:05.223 -> -82, 02,01,06,07,16,09,18,D3,30,00,FE,04,16,0F,18,05,08,09,48,4F,52,4E,45,54,35
15:54:05.269 -> -83, 02,01,06,07,16,09,18,D3,30,00,FE,04,16,0F,18,05,08,09,48,4F,52,4E,45,54,35
15:54:05.316 -> -83, 02,01,06,07,16,09,18,D3,30,00,FE,04,16,0F,18,05,08,09,48,4F,52,4E,45,54,35
15:54:05.362 -> -82, 02,01,06,07,16,09,18,D3,30,00,FE,04,16,0F,18,05,08,09,48,4F,52,4E,45,54,35
15:54:05.362 -> -82, 02,01,06,07,16,09,18,D3,30,00,FE,04,16,0F,18,05,08,09,48,4F,52,4E,45,54,35
15:54:05.456 -> -82, 02,01,06,07,16,09,18,D3,30,00,FE,04,16,0F,18,05,08,09,48,4F,52,4E,45,54,35
15:54:06.486 -> -82, 02,01,06,07,16,09,18,D3,30,00,FE,04,16,0F,18,05,08,09,48,4F,52,4E,45,54,35
15:54:06.580 -> -82, 02,01,06,07,16,09,18,D3,30,00,FE,04,16,0F,18,05,08,09,48,4F,52,4E,45,54,35
15:54:06.626 -> -82, 02,01,06,07,16,09,18,D3,30,00,FE,04,16,0F,18,05,08,09,48,4F,52,4E,45,54,35
15:54:06.626 -> -82, 02,01,06,07,16,09,18,D3,30,00,FE,04,16,0F,18,05,08,09,48,4F,52,4E,45,54,35
15:54:06.672 -> -83, 02,01,06,07,16,09,18,D3,30,00,FE,04,16,0F,18,05,08,09,48,4F,52,4E,45,54,35
15:54:06.672 -> -82, 02,01,06,07,16,09,18,D3,30,00,FE,04,16,0F,18,05,08,09,48,4F,52,4E,45,54,35
15:54:06.719 -> -82, 02,01,06,07,16,09,18,D3,30,00,FE,04,16,0F,18,05,08,09,48,4F,52,4E,45,54,35
15:54:06.813 -> -82, 02,01,06,07,16,09,18,D3,30,00,FE,04,16,0F,18,05,08,09,48,4F,52,4E,45,54,35
15:54:06.813 -> -83, 02,01,06,07,16,09,18,D3,30,00,FE,04,16,0F,18,05,08,09,48,4F,52,4E,45,54,35
15:54:06.861 -> -82, 02,01,06,07,16,09,18,D3,30,00,FE,04,16,0F,18,05,08,09,48,4F,52,4E,45,54,35
15:54:06.907 -> -82, 02,01,06,07,16,09,18,D3,30,00,FE,04,16,0F,18,05,08,09,48,4F,52,4E,45,54,35
15:54:06.907 -> -82, 02,01,06,07,16,09,18,D3,30,00,FE,04,16,0F,18,05,08,09,48,4F,52,4E,45,54,35
15:54:06.907 -> -82, 02,01,06,07,16,09,18,D3,30,00,FE,04,16,0F,18,05,08,09,48,4F,52,4E,45,54,35
15:54:06.907 -> -82, 02,01,06,07,16,09,18,D3,30,00,FE,04,16,0F,18,05,08,09,48,4F,52,4E,45,54,35
15:54:06.954 -> -82, 02,01,06,07,16,09,18,D3,30,00,FE,04,16,0F,18,05,08,09,48,4F,52,4E,45,54,35
15:54:06.954 -> -82, 02,01,06,07,16,09,18,D3,30,00,FE,04,16,0F,18,05,08,09,48,4F,52,4E,45,54,35
15:54:07.987 -> -81, 02,01,06,07,16,09,18,D3,30,00,FE,04,16,0F,18,05,08,09,48,4F,52,4E,45,54,35
15:54:08.035 -> -81, 02,01,06,07,16,09,18,D3,30,00,FE,04,16,0F,18,05,08,09,48,4F,52,4E,45,54,35
15:54:08.035 -> -82, 02,01,06,07,16,09,18,D3,30,00,FE,04,16,0F,18,05,08,09,48,4F,52,4E,45,54,35
15:54:08.035 -> -82, 02,01,06,07,16,09,18,D3,30,00,FE,04,16,0F,18,05,08,09,48,4F,52,4E,45,54,35
15:54:08.082 -> -81, 02,01,06,07,16,09,18,D3,30,00,FE,04,16,0F,18,05,08,09,48,4F,52,4E,45,54,35
15:54:08.129 -> -81, 02,01,06,07,16,09,18,D3,30,00,FE,04,16,0F,18,05,08,09,48,4F,52,4E,45,54,35
15:54:08.129 -> -81, 02,01,06,07,16,09,18,D3,30,00,FE,04,16,0F,18,05,08,09,48,4F,52,4E,45,54,35
15:54:08.129 -> -82, 02,01,06,07,16,09,18,D3,30,00,FE,04,16,0F,18,05,08,09,48,4F,52,4E,45,54,35
15:54:08.177 -> -82, 02,01,06,07,16,09,18,D3,30,00,FE,04,16,0F,18,05,08,09,48,4F,52,4E,45,54,35
15:54:08.223 -> -82, 02,01,06,07,16,09,18,D3,30,00,FE,04,16,0F,18,05,08,09,48,4F,52,4E,45,54,35
15:54:08.317 -> -82, 02,01,06,07,16,09,18,D3,30,00,FE,04,16,0F,18,05,08,09,48,4F,52,4E,45,54,35
15:54:08.364 -> -82, 02,01,06,07,16,09,18,D3,30,00,FE,04,16,0F,18,05,08,09,48,4F,52,4E,45,54,35
15:54:08.364 -> -81, 02,01,06,07,16,09,18,D3,30,00,FE,04,16,0F,18,05,08,09,48,4F,52,4E,45,54,35
15:54:08.410 -> -82, 02,01,06,07,16,09,18,D3,30,00,FE,04,16,0F,18,05,08,09,48,4F,52,4E,45,54,35
15:54:08.410 -> -81, 02,01,06,07,16,09,18,D3,30,00,FE,04,16,0F,18,05,08,09,48,4F,52,4E,45,54,35
15:54:08.456 -> -82, 02,01,06,07,16,09,18,D3,30,00,FE,04,16,0F,18,05,08,09,48,4F,52,4E,45,54,35
15:54:09.487 -> -82, 02,01,06,07,16,09,18,D3,30,00,FE,04,16,0F,18,05,08,09,48,4F,52,4E,45,54,35
15:54:09.487 -> -83, 02,01,06,07,16,09,18,D3,30,00,FE,04,16,0F,18,05,08,09,48,4F,52,4E,45,54,35
15:54:09.533 -> -82, 02,01,06,07,16,09,18,D3,30,00,FE,04,16,0F,18,05,08,09,48,4F,52,4E,45,54,35
15:54:09.580 -> -81, 02,01,06,07,16,09,18,D3,30,00,FE,04,16,0F,18,05,08,09,48,4F,52,4E,45,54,35
15:54:09.580 -> -82, 02,01,06,07,16,09,18,D3,30,00,FE,04,16,0F,18,05,08,09,48,4F,52,4E,45,54,35
15:54:09.580 -> -84, 02,01,06,07,16,09,18,D3,30,00,FE,04,16,0F,18,05,08,09,48,4F,52,4E,45,54,35
15:54:09.628 -> -82, 02,01,06,07,16,09,18,D3,30,00,FE,04,16,0F,18,05,08,09,48,4F,52,4E,45,54,35
15:54:09.628 -> -83, 02,01,06,07,16,09,18,D3,30,00,FE,04,16,0F,18,05,08,09,48,4F,52,4E,45,54,35
15:54:09.816 -> -82, 02,01,06,07,16,09,18,D3,30,00,FE,04,16,0F,18,05,08,09,48,4F,52,4E,45,54,35
15:54:09.864 -> -82, 02,01,06,07,16,09,18,D3,30,00,FE,04,16,0F,18,05,08,09,48,4F,52,4E,45,54,35
15:54:09.864 -> -82, 02,01,06,07,16,09,18,D3,30,00,FE,04,16,0F,18,05,08,09,48,4F,52,4E,45,54,35
15:54:09.957 -> -82, 02,01,06,07,16,09,18,D3,30,00,FE,04,16,0F,18,05,08,09,48,4F,52,4E,45,54,35
15:54:10.991 -> -83, 02,01,06,07,16,09,18,D3,30,00,FE,04,16,0F,18,05,08,09,48,4F,52,4E,45,54,35
15:54:10.991 -> -83, 02,01,06,07,16,09,18,D3,30,00,FE,04,16,0F,18,05,08,09,48,4F,52,4E,45,54,35
15:54:11.040 -> -82, 02,01,06,07,16,09,18,D3,30,00,FE,04,16,0F,18,05,08,09,48,4F,52,4E,45,54,35
15:54:11.040 -> -83, 02,01,06,07,16,09,18,D3,30,00,FE,04,16,0F,18,05,08,09,48,4F,52,4E,45,54,35
15:54:11.133 -> -83, 02,01,06,07,16,09,18,D3,30,00,FE,04,16,0F,18,05,08,09,48,4F,52,4E,45,54,35
15:54:11.180 -> -83, 02,01,06,07,16,09,18,D3,30,00,FE,04,16,0F,18,05,08,09,48,4F,52,4E,45,54,35
15:54:11.228 -> -82, 02,01,06,07,16,09,18,D3,30,00,FE,04,16,0F,18,05,08,09,48,4F,52,4E,45,54,35
15:54:11.228 -> -82, 02,01,06,07,16,09,18,D3,30,00,FE,04,16,0F,18,05,08,09,48,4F,52,4E,45,54,35
15:54:11.321 -> -82, 02,01,06,07,16,09,18,D3,30,00,FE,04,16,0F,18,05,08,09,48,4F,52,4E,45,54,35
15:54:11.369 -> -83, 02,01,06,07,16,09,18,D3,30,00,FE,04,16,0F,18,05,08,09,48,4F,52,4E,45,54,35
15:54:11.416 -> -83, 02,01,06,07,16,09,18,D3,30,00,FE,04,16,0F,18,05,08,09,48,4F,52,4E,45,54,35
15:54:11.463 -> -82, 02,01,06,07,16,09,18,D3,30,00,FE,04,16,0F,18,05,08,09,48,4F,52,4E,45,54,35
15:54:12.493 -> -82, 02,01,06,07,16,09,18,D3,30,00,FE,04,16,0F,18,05,08,09,48,4F,52,4E,45,54,35
15:54:12.493 -> -83, 02,01,06,07,16,09,18,D3,30,00,FE,04,16,0F,18,05,08,09,48,4F,52,4E,45,54,35
15:54:12.493 -> -82, 02,01,06,07,16,09,18,D3,30,00,FE,04,16,0F,18,05,08,09,48,4F,52,4E,45,54,35
15:54:12.587 -> -83, 02,01,06,07,16,09,18,D3,30,00,FE,04,16,0F,18,05,08,09,48,4F,52,4E,45,54,35
15:54:12.587 -> -82, 02,01,06,07,16,09,18,D3,30,00,FE,04,16,0F,18,05,08,09,48,4F,52,4E,45,54,35
15:54:12.634 -> -82, 02,01,06,07,16,09,18,D3,30,00,FE,04,16,0F,18,05,08,09,48,4F,52,4E,45,54,35
15:54:12.680 -> -83, 02,01,06,07,16,09,18,D3,30,00,FE,04,16,0F,18,05,08,09,48,4F,52,4E,45,54,35
15:54:12.727 -> -82, 02,01,06,07,16,09,18,D3,30,00,FE,04,16,0F,18,05,08,09,48,4F,52,4E,45,54,35
15:54:12.819 -> -83, 02,01,06,07,16,09,18,D3,30,00,FE,04,16,0F,18,05,08,09,48,4F,52,4E,45,54,35
15:54:12.819 -> -82, 02,01,06,07,16,09,18,D3,30,00,FE,04,16,0F,18,05,08,09,48,4F,52,4E,45,54,35
15:54:12.867 -> -83, 02,01,06,07,16,09,18,D3,30,00,FE,04,16,0F,18,05,08,09,48,4F,52,4E,45,54,35
15:54:12.914 -> -83, 02,01,06,07,16,09,18,D3,30,00,FE,04,16,0F,18,05,08,09,48,4F,52,4E,45,54,35
15:54:12.961 -> -83, 02,01,06,07,16,09,18,D3,30,00,FE,04,16,0F,18,05,08,09,48,4F,52,4E,45,54,35
15:54:13.990 -> -83, 02,01,06,07,16,09,18,D3,30,00,FE,04,16,0F,18,05,08,09,48,4F,52,4E,45,54,35
15:54:13.990 -> -82, 02,01,06,07,16,09,18,D3,30,00,FE,04,16,0F,18,05,08,09,48,4F,52,4E,45,54,35
15:54:14.084 -> -83, 02,01,06,07,16,09,18,D3,30,00,FE,04,16,0F,18,05,08,09,48,4F,52,4E,45,54,35
15:54:14.131 -> -83, 02,01,06,07,16,09,18,D3,30,00,FE,04,16,0F,18,05,08,09,48,4F,52,4E,45,54,35
15:54:14.271 -> -83, 02,01,06,07,16,09,18,D3,30,00,FE,04,16,0F,18,05,08,09,48,4F,52,4E,45,54,35
15:54:14.271 -> -83, 02,01,06,07,16,09,18,D3,30,00,FE,04,16,0F,18,05,08,09,48,4F,52,4E,45,54,35
15:54:14.318 -> -83, 02,01,06,07,16,09,18,D3,30,00,FE,04,16,0F,18,05,08,09,48,4F,52,4E,45,54,35
15:54:14.366 -> -83, 02,01,06,07,16,09,18,D3,30,00,FE,04,16,0F,18,05,08,09,48,4F,52,4E,45,54,35
15:54:14.414 -> -83, 02,01,06,07,16,09,18,D3,30,00,FE,04,16,0F,18,05,08,09,48,4F,52,4E,45,54,35
15:54:14.414 -> -83, 02,01,06,07,16,09,18,D3,30,00,FE,04,16,0F,18,05,08,09,48,4F,52,4E,45,54,35
15:54:15.118 -> -83, 02,01,06,07,16,09,18,D3,30,00,FE,04,16,0F,18,05,08,09,48,4F,52,4E,45,54,35
15:54:15.490 -> -83, 02,01,06,07,16,09,18,D3,30,00,FE,04,16,0F,18,05,08,09,48,4F,52,4E,45,54,35
15:54:15.490 -> -83, 02,01,06,07,16,09,18,D3,30,00,FE,04,16,0F,18,05,08,09,48,4F,52,4E,45,54,35
15:54:15.537 -> -83, 02,01,06,07,16,09,18,D3,30,00,FE,04,16,0F,18,05,08,09,48,4F,52,4E,45,54,35
15:54:15.537 -> -83, 02,01,06,07,16,09,18,D3,30,00,FE,04,16,0F,18,05,08,09,48,4F,52,4E,45,54,35
15:54:15.678 -> -83, 02,01,06,07,16,09,18,D3,30,00,FE,04,16,0F,18,05,08,09,48,4F,52,4E,45,54,35
15:54:15.724 -> -83, 02,01,06,07,16,09,18,D3,30,00,FE,04,16,0F,18,05,08,09,48,4F,52,4E,45,54,35
15:54:15.817 -> -84, 02,01,06,07,16,09,18,D3,30,00,FE,04,16,0F,18,05,08,09,48,4F,52,4E,45,54,35
15:54:15.911 -> -83, 02,01,06,07,16,09,18,D3,30,00,FE,04,16,0F,18,05,08,09,48,4F,52,4E,45,54,35
15:54:17.035 -> -84, 02,01,06,07,16,09,18,D3,30,00,FE,04,16,0F,18,05,08,09,48,4F,52,4E,45,54,35
15:54:17.081 -> -84, 02,01,06,07,16,09,18,D3,30,00,FE,04,16,0F,18,05,08,09,48,4F,52,4E,45,54,35
15:54:17.268 -> -84, 02,01,06,07,16,09,18,D3,30,00,FE,04,16,0F,18,05,08,09,48,4F,52,4E,45,54,35
15:54:17.268 -> -84, 02,01,06,07,16,09,18,D3,30,00,FE,04,16,0F,18,05,08,09,48,4F,52,4E,45,54,35
15:54:17.411 -> -84, 02,01,06,07,16,09,18,D3,30,00,FE,04,16,0F,18,05,08,09,48,4F,52,4E,45,54,35
15:54:17.411 -> -83, 02,01,06,07,16,09,18,D3,30,00,FE,04,16,0F,18,05,08,09,48,4F,52,4E,45,54,35
15:54:18.491 -> -83, 02,01,06,07,16,09,18,D3,30,00,FE,04,16,0F,18,05,08,09,48,4F,52,4E,45,54,35
15:54:18.582 -> -84, 02,01,06,07,16,09,18,D3,30,00,FE,04,16,0F,18,05,08,09,48,4F,52,4E,45,54,35
15:54:18.582 -> -83, 02,01,06,07,16,09,18,D3,30,00,FE,04,16,0F,18,05,08,09,48,4F,52,4E,45,54,35
15:54:18.628 -> -83, 02,01,06,07,16,09,18,D3,30,00,FE,04,16,0F,18,05,08,09,48,4F,52,4E,45,54,35
15:54:18.628 -> -84, 02,01,06,07,16,09,18,D3,30,00,FE,04,16,0F,18,05,08,09,48,4F,52,4E,45,54,35
15:54:18.860 -> -84, 02,01,06,07,16,09,18,D3,30,00,FE,04,16,0F,18,05,08,09,48,4F,52,4E,45,54,35
15:54:18.908 -> -84, 02,01,06,07,16,09,18,D3,30,00,FE,04,16,0F,18,05,08,09,48,4F,52,4E,45,54,35
15:54:19.988 -> -84, 02,01,06,07,16,09,18,D3,30,00,FE,04,16,0F,18,05,08,09,48,4F,52,4E,45,54,35
15:54:20.080 -> -83, 02,01,06,07,16,09,18,D3,30,00,FE,04,16,0F,18,05,08,09,48,4F,52,4E,45,54,35
15:54:20.080 -> -84, 02,01,06,07,16,09,18,D3,30,00,FE,04,16,0F,18,05,08,09,48,4F,52,4E,45,54,35
15:54:20.080 -> -83, 02,01,06,07,16,09,18,D3,30,00,FE,04,16,0F,18,05,08,09,48,4F,52,4E,45,54,35
15:54:20.128 -> -83, 02,01,06,07,16,09,18,D3,30,00,FE,04,16,0F,18,05,08,09,48,4F,52,4E,45,54,35
15:54:20.221 -> -84, 02,01,06,07,16,09,18,D3,30,00,FE,04,16,0F,18,05,08,09,48,4F,52,4E,45,54,35
15:54:20.268 -> -83, 02,01,06,07,16,09,18,D3,30,00,FE,04,16,0F,18,05,08,09,48,4F,52,4E,45,54,35
15:54:20.409 -> -84, 02,01,06,07,16,09,18,D3,30,00,FE,04,16,0F,18,05,08,09,48,4F,52,4E,45,54,35
15:54:20.454 -> -84, 02,01,06,07,16,09,18,D3,30,00,FE,04,16,0F,18,05,08,09,48,4F,52,4E,45,54,35
15:54:21.677 -> -84, 02,01,06,07,16,09,18,D3,30,00,FE,04,16,0F,18,05,08,09,48,4F,52,4E,45,54,35
15:54:21.771 -> -85, 02,01,06,07,16,09,18,D3,30,00,FE,04,16,0F,18,05,08,09,48,4F,52,4E,45,54,35
15:54:21.867 -> -85, 02,01,06,07,16,09,18,D3,30,00,FE,04,16,0F,18,05,08,09,48,4F,52,4E,45,54,35
15:54:21.914 -> -85, 02,01,06,07,16,09,18,D3,30,00,FE,04,16,0F,18,05,08,09,48,4F,52,4E,45,54,35
15:54:23.034 -> -84, 02,01,06,07,16,09,18,D3,30,00,FE,04,16,0F,18,05,08,09,48,4F,52,4E,45,54,35
15:54:23.034 -> -84, 02,01,06,07,16,09,18,D3,30,00,FE,04,16,0F,18,05,08,09,48,4F,52,4E,45,54,35
15:54:23.081 -> -84, 02,01,06,07,16,09,18,D3,30,00,FE,04,16,0F,18,05,08,09,48,4F,52,4E,45,54,35
15:54:23.127 -> -84, 02,01,06,07,16,09,18,D3,30,00,FE,04,16,0F,18,05,08,09,48,4F,52,4E,45,54,35
15:54:23.174 -> -84, 02,01,06,07,16,09,18,D3,30,00,FE,04,16,0F,18,05,08,09,48,4F,52,4E,45,54,35
15:54:23.221 -> -83, 02,01,06,07,16,09,18,D3,30,00,FE,04,16,0F,18,05,08,09,48,4F,52,4E,45,54,35
15:54:23.221 -> -84, 02,01,06,07,16,09,18,D3,30,00,FE,04,16,0F,18,05,08,09,48,4F,52,4E,45,54,35
15:54:23.360 -> -83, 02,01,06,07,16,09,18,D3,30,00,FE,04,16,0F,18,05,08,09,48,4F,52,4E,45,54,35
