16:01:20.240 -> -85, 02,01,06,07,16,09,18,D3,30,00,FE,04,16,0F,18,03,08,09,48,4F,52,4E,45,54,35
16:01:20.425 -> -85, 02,01,06,07,16,09,18,D3,30,00,FE,04,16,0F,18,03,08,09,48,4F,52,4E,45,54,35
16:01:21.697 -> -85, 02,01,06,07,16,09,18,D3,30,00,FE,04,16,0F,18,03,08,09,48,4F,52,4E,45,54,35
16:01:23.625 -> -85, 02,01,06,07,16,09,18,D3,30,00,FE,04,16,0F,18,03,08,09,48,4F,52,4E,45,54,35
16:01:24.609 -> -84, 02,01,06,07,16,09,18,D3,30,00,FE,04,16,0F,18,03,08,09,48,4F,52,4E,45,54,35
16:01:24.843 -> -85, 02,01,06,07,16,09,18,D3,30,00,FE,04,16,0F,18,03,08,09,48,4F,52,4E,45,54,35
16:01:27.556 -> -87, 02,01,06,07,16,09,18,D3,30,00,FE,04,16,0F,18,03,08,09,48,4F,52,4E,45,54,35
16:01:27.790 -> -86, 02,01,06,07,16,09,18,D3,30,00,FE,04,16,0F,18,03,08,09,48,4F,52,4E,45,54,35
16:01:28.213 -> -84, 02,01,06,07,16,09,18,D3,30,00,FE,04,16,0F,18,03,08,09,48,4F,52,4E,45,54,35
16:01:30.560 -> -87, 02,01,06,07,16,09,18,D3,30,00,FE,04,16,0F,18,04,08,09,48,4F,52,4E,45,54,35
16:01:30.796 -> -85, 02,01,06,07,16,09,18,D3,30,00,FE,04,16,0F,18,04,08,09,48,4F,52,4E,45,54,35
16:01:30.843 -> -86, 02,01,06,07,16,09,18,D3,30,00,FE,04,16,0F,18,04,08,09,48,4F,52,4E,45,54,35
16:01:32.247 -> -85, 02,01,06,07,16,09,18,D3,30,00,FE,04,16,0F,18,04,08,09,48,4F,52,4E,45,54,35
16:01:32.433 -> -87, 02,01,06,07,16,09,18,D3,30,00,FE,04,16,0F,18,04,08,09,48,4F,52,4E,45,54,35
16:01:33.846 -> -85, 02,01,06,07,16,09,18,D3,30,00,FE,04,16,0F,18,04,08,09,48,4F,52,4E,45,54,35
16:01:35.439 -> -86, 02,01,06,07,16,09,18,D3,30,00,FE,04,16,0F,18,03,08,09,48,4F,52,4E,45,54,35
16:01:35.627 -> -83, 02,01,06,07,16,09,18,D3,30,00,FE,04,16,0F,18,04,08,09,48,4F,52,4E,45,54,35
16:01:35.720 -> -84, 02,01,06,07,16,09,18,D3,30,00,FE,04,16,0F,18,04,08,09,48,4F,52,4E,45,54,35
16:01:36.796 -> -87, 02,01,06,07,16,09,18,D3,30,00,FE,04,16,0F,18,03,08,09,48,4F,52,4E,45,54,35
16:01:38.112 -> -86, 02,01,06,07,16,09,18,D3,30,00,FE,04,16,0F,18,03,08,09,48,4F,52,4E,45,54,35
16:01:38.159 -> -87, 02,01,06,07,16,09,18,D3,30,00,FE,04,16,0F,18,03,08,09,48,4F,52,4E,45,54,35
16:01:41.253 -> -86, 02,01,06,07,16,09,18,D3,30,00,FE,04,16,0F,18,03,08,09,48,4F,52,4E,45,54,35
16:01:41.677 -> -83, 02,01,06,07,16,09,18,D3,30,00,FE,04,16,0F,18,04,08,09,48,4F,52,4E,45,54,35
16:01:41.677 -> -83, 02,01,06,07,16,09,18,D3,30,00,FE,04,16,0F,18,04,08,09,48,4F,52,4E,45,54,35
16:01:42.524 -> -87, 02,01,06,07,16,09,18,D3,30,00,FE,04,16,0F,18,04,08,09,48,4F,52,4E,45,54,35
16:01:42.664 -> -86, 02,01,06,07,16,09,18,D3,30,00,FE,04,16,0F,18,03,08,09,48,4F,52,4E,45,54,35
16:01:43.129 -> -84, 02,01,06,07,16,09,18,D3,30,00,FE,04,16,0F,18,03,08,09,48,4F,52,4E,45,54,35
16:01:44.210 -> -86, 02,01,06,07,16,09,18,D3,30,00,FE,04,16,0F,18,03,08,09,48,4F,52,4E,45,54,35
16:01:45.574 -> -86, 02,01,06,07,16,09,18,D3,30,00,FE,04,16,0F,18,03,08,09,48,4F,52,4E,45,54,35
16:01:47.025 -> -85, 02,01,06,07,16,09,18,D3,30,00,FE,04,16,0F,18,04,08,09,48,4F,52,4E,45,54,35
16:01:47.354 -> -86, 02,01,06,07,16,09,18,D3,30,00,FE,04,16,0F,18,04,08,09,48,4F,52,4E,45,54,35
16:01:47.682 -> -82, 02,01,06,07,16,09,18,D3,30,00,FE,04,16,0F,18,04,08,09,48,4F,52,4E,45,54,35
16:01:48.620 -> -86, 02,01,06,07,16,09,18,D3,30,00,FE,04,16,0F,18,04,08,09,48,4F,52,4E,45,54,35
16:01:48.852 -> -87, 02,01,06,07,16,09,18,D3,30,00,FE,04,16,0F,18,04,08,09,48,4F,52,4E,45,54,35
16:01:49.278 -> -82, 02,01,06,07,16,09,18,D3,30,00,FE,04,16,0F,18,04,08,09,48,4F,52,4E,45,54,35
16:01:50.499 -> -83, 02,01,06,07,16,09,18,D3,30,00,FE,04,16,0F,18,03,08,09,48,4F,52,4E,45,54,35
16:01:50.781 -> -83, 02,01,06,07,16,09,18,D3,30,00,FE,04,16,0F,18,03,08,09,48,4F,52,4E,45,54,35
16:01:50.829 -> -83, 02,01,06,07,16,09,18,D3,30,00,FE,04,16,0F,18,03,08,09,48,4F,52,4E,45,54,35
16:01:50.875 -> -83, 02,01,06,07,16,09,18,D3,30,00,FE,04,16,0F,18,03,08,09,48,4F,52,4E,45,54,35
16:01:52.290 -> -82, 02,01,06,07,16,09,18,D3,30,00,FE,04,16,0F,18,04,08,09,48,4F,52,4E,45,54,35
16:01:53.791 -> -84, 02,01,06,07,16,09,18,D3,30,00,FE,04,16,0F,18,04,08,09,48,4F,52,4E,45,54,35
16:01:54.448 -> -83, 02,01,06,07,16,09,18,D3,30,00,FE,04,16,0F,18,04,08,09,48,4F,52,4E,45,54,35
16:01:54.496 -> -86, 02,01,06,07,16,09,18,D3,30,00,FE,04,16,0F,18,04,08,09,48,4F,52,4E,45,54,35
16:01:54.682 -> -85, 02,01,06,07,16,09,18,D3,30,00,FE,04,16,0F,18,04,08,09,48,4F,52,4E,45,54,35
16:01:54.729 -> -86, 02,01,06,07,16,09,18,D3,30,00,FE,04,16,0F,18,04,08,09,48,4F,52,4E,45,54,35
16:01:55.248 -> -83, 02,01,06,07,16,09,18,D3,30,00,FE,04,16,0F,18,04,08,09,48,4F,52,4E,45,54,35
16:01:56.185 -> -86, 02,01,06,07,16,09,18,D3,30,00,FE,04,16,0F,18,04,08,09,48,4F,52,4E,45,54,35
16:01:56.185 -> -86, 02,01,06,07,16,09,18,D3,30,00,FE,04,16,0F,18,04,08,09,48,4F,52,4E,45,54,35
16:01:56.325 -> -87, 02,01,06,07,16,09,18,D3,30,00,FE,04,16,0F,18,04,08,09,48,4F,52,4E,45,54,35
16:01:56.653 -> -82, 02,01,06,07,16,09,18,D3,30,00,FE,04,16,0F,18,04,08,09,48,4F,52,4E,45,54,35
16:01:56.838 -> -83, 02,01,06,07,16,09,18,D3,30,00,FE,04,16,0F,18,04,08,09,48,4F,52,4E,45,54,35
16:01:58.107 -> -82, 02,01,06,07,16,09,18,D3,30,00,FE,04,16,0F,18,04,08,09,48,4F,52,4E,45,54,35
16:01:59.230 -> -87, 02,01,06,07,16,09,18,D3,30,00,FE,04,16,0F,18,04,08,09,48,4F,52,4E,45,54,35
16:01:59.793 -> -82, 02,01,06,07,16,09,18,D3,30,00,FE,04,16,0F,18,04,08,09,48,4F,52,4E,45,54,35
16:02:00.964 -> -82, 02,01,06,07,16,09,18,D3,30,00,FE,04,16,0F,18,04,08,09,48,4F,52,4E,45,54,35
16:02:01.245 -> -81, 02,01,06,07,16,09,18,D3,30,00,FE,04,16,0F,18,04,08,09,48,4F,52,4E,45,54,35
16:02:01.338 -> -82, 02,01,06,07,16,09,18,D3,30,00,FE,04,16,0F,18,04,08,09,48,4F,52,4E,45,54,35
16:02:02.785 -> -83, 02,01,06,07,16,09,18,D3,30,00,FE,04,16,0F,18,04,08,09,48,4F,52,4E,45,54,35
16:02:05.467 -> -81, 02,01,06,07,16,09,18,D3,30,00,FE,04,16,0F,18,04,08,09,48,4F,52,4E,45,54,35
16:02:06.870 -> -88, 02,01,06,07,16,09,18,D3,30,00,FE,04,16,0F,18,04,08,09,48,4F,52,4E,45,54,35
16:02:07.245 -> -81, 02,01,06,07,16,09,18,D3,30,00,FE,04,16,0F,18,04,08,09,48,4F,52,4E,45,54,35
16:02:07.292 -> -81, 02,01,06,07,16,09,18,D3,30,00,FE,04,16,0F,18,04,08,09,48,4F,52,4E,45,54,35
16:02:07.338 -> -82, 02,01,06,07,16,09,18,D3,30,00,FE,04,16,0F,18,04,08,09,48,4F,52,4E,45,54,35
16:02:08.653 -> -83, 02,01,06,07,16,09,18,D3,30,00,FE,04,16,0F,18,04,08,09,48,4F,52,4E,45,54,35
16:02:10.252 -> -83, 02,01,06,07,16,09,18,D3,30,00,FE,04,16,0F,18,04,08,09,48,4F,52,4E,45,54,35
16:02:11.845 -> -80, 02,01,06,07,16,09,18,D3,30,00,FE,04,16,0F,18,04,08,09,48,4F,52,4E,45,54,35
16:02:11.892 -> -81, 02,01,06,07,16,09,18,D3,30,00,FE,04,16,0F,18,04,08,09,48,4F,52,4E,45,54,35
16:02:13.190 -> -82, 02,01,06,07,16,09,18,D3,30,00,FE,04,16,0F,18,04,08,09,48,4F,52,4E,45,54,35
16:02:13.426 -> -82, 02,01,06,07,16,09,18,D3,30,00,FE,04,16,0F,18,04,08,09,48,4F,52,4E,45,54,35
16:02:14.175 -> -87, 02,01,06,07,16,09,18,D3,30,00,FE,04,16,0F,18,04,08,09,48,4F,52,4E,45,54,35
16:02:14.642 -> -81, 02,01,06,07,16,09,18,D3,30,00,FE,04,16,0F,18,04,08,09,48,4F,52,4E,45,54,35
16:02:14.832 -> -82, 02,01,06,07,16,09,18,D3,30,00,FE,04,16,0F,18,04,08,09,48,4F,52,4E,45,54,35
16:02:16.287 -> -82, 02,01,06,07,16,09,18,D3,30,00,FE,04,16,0F,18,04,08,09,48,4F,52,4E,45,54,35
16:02:17.267 -> -86, 02,01,06,07,16,09,18,D3,30,00,FE,04,16,0F,18,04,08,09,48,4F,52,4E,45,54,35
16:02:20.587 -> -83, 02,01,06,07,16,09,18,D3,30,00,FE,04,16,0F,18,04,08,09,48,4F,52,4E,45,54,35
16:02:22.182 -> -83, 02,01,06,07,16,09,18,D3,30,00,FE,04,16,0F,18,04,08,09,48,4F,52,4E,45,54,35
16:02:23.589 -> -83, 02,01,06,07,16,09,18,D3,30,00,FE,04,16,0F,18,04,08,09,48,4F,52,4E,45,54,35
16:02:23.823 -> -83, 02,01,06,07,16,09,18,D3,30,00,FE,04,16,0F,18,04,08,09,48,4F,52,4E,45,54,35
16:02:25.887 -> -81, 02,01,06,07,16,09,18,D3,30,00,FE,04,16,0F,18,04,08,09,48,4F,52,4E,45,54,35
16:02:29.582 -> -84, 02,01,06,07,16,09,18,D3,30,00,FE,04,16,0F,18,04,08,09,48,4F,52,4E,45,54,35
16:02:29.815 -> -83, 02,01,06,07,16,09,18,D3,30,00,FE,04,16,0F,18,04,08,09,48,4F,52,4E,45,54,35
16:02:30.240 -> -81, 02,01,06,07,16,09,18,D3,30,00,FE,04,16,0F,18,04,08,09,48,4F,52,4E,45,54,35
16:02:31.272 -> -84, 02,01,06,07,16,09,18,D3,30,00,FE,04,16,0F,18,04,08,09,48,4F,52,4E,45,54,35
16:02:31.646 -> -81, 02,01,06,07,16,09,18,D3,30,00,FE,04,16,0F,18,05,08,09,48,4F,52,4E,45,54,35
16:02:32.352 -> -86, 02,01,06,07,16,09,18,D3,30,00,FE,04,16,0F,18,05,08,09,48,4F,52,4E,45,54,35
16:02:32.777 -> -82, 02,01,06,07,16,09,18,D3,30,00,FE,04,16,0F,18,04,08,09,48,4F,52,4E,45,54,35
16:02:33.727 -> -86, 02,01,06,07,16,09,18,D3,30,00,FE,04,16,0F,18,04,08,09,48,4F,52,4E,45,54,35
